  // 如果连接已建立，可以发送命令
  if (SerialMaster_IsConnected()) {
    static unsigned long lastActionTime = 0;
    static int commandState = 0; // 0: 准备发送第一条命令, 1: 等待发送第二条命令
    unsigned long currentTime = millis();
    
    switch (commandState) {
      case 0: // 准备发送第一条命令
        if (currentTime - lastActionTime > DDS_SweepFreqTimems + 1000) {  // 间隔1秒发送第一条命令
          Serial.println("发送第一条命令");
          SerialMaster_SendCommand("SET_SWEEP 1 1000 50000");
          lastActionTime = currentTime;
          commandState = 1;
        }
        break;
        
      case 1: // 检查第一条命令
        if (SerialMaster_IsCommandSuccessful()) {
          Serial.println("第一条命令执行成功");
            lastActionTime = currentTime;
            commandState = 0;
          }
        }
        break;
    }
  }


  SerialMaster_SendCommand("SET_SWEEP 1 100 50000 1023 2000 100"); 电容测量：：效果不错 阻抗：50Ω
  SerialMaster_SendCommand("SET_SWEEP 1 1000 200000 1023 2000 200000"); 电感测量：效果不错 阻抗：50Ω

  SerialMaster_SendCommand("SET_SWEEP 1 1000 40000 1023 1000 100"); //RL并联：效果较好；LC并联：效果较好；RLC并联：效果较好， 阻抗：50Ω 待机：100Hz
  SerialMaster_SendCommand("SET_SWEEP 1 10000 2000000 1023 1000 100"); RL串联：效果不错；RC并联：效果不错 阻抗：1kΩ 待机：100Hz ->效果还行，通过100个数据可以判断出来

  SerialMaster_SendCommand("SET_SWEEP 1 100 1000000 1023 1000 2000000"); RLC串联：效果不错，串联电阻越小越好；LC串联：效果很好；RC串联：效果一般，有点难采集到数据 阻抗：1kΩ 待机：2MHz



RL并联数据：
Index, Time(ms), AIN1_AC_Volt
0, 0.00, 0.169163
1, 5.71, 0.169163
2, 11.43, 0.173865
3, 17.14, 0.173865
4, 22.86, 0.173865
5, 28.57, 0.173865
6, 34.29, 0.173865
7, 40.00, 0.173865
8, 45.71, 0.173865
9, 51.43, 0.222555
10, 57.14, 0.222555
11, 62.86, 0.222555
12, 68.57, 0.222555
13, 74.29, 0.222555
14, 80.00, 0.222555
15, 85.71, 0.222555
16, 91.43, 0.274727
17, 97.14, 0.274727
18, 102.86, 0.274727
19, 108.57, 0.274727
20, 114.29, 0.274727
21, 120.00, 0.274727
22, 125.71, 0.329835
23, 131.43, 0.329835
24, 137.14, 0.329835
25, 142.86, 0.329835
26, 148.57, 0.329835
27, 154.29, 0.329835
28, 160.00, 0.329835
29, 165.71, 0.390786
30, 171.43, 0.390786
31, 177.14, 0.390786
32, 182.86, 0.390786
33, 188.57, 0.390786
34, 194.29, 0.390786
35, 200.00, 0.444109
36, 205.71, 0.444109
37, 211.43, 0.444109
38, 217.14, 0.444109
39, 222.86, 0.444109
40, 228.57, 0.444109
41, 234.29, 0.444109
42, 240.00, 0.495329
43, 245.71, 0.495329
44, 251.43, 0.495329
45, 257.14, 0.495329
46, 262.86, 0.495329
47, 268.57, 0.495329
48, 274.29, 0.495329
49, 280.00, 0.549733
50, 285.71, 0.549733
51, 291.43, 0.549733
52, 297.14, 0.549733
53, 302.86, 0.549733
54, 308.57, 0.549733
55, 314.29, 0.596083
56, 320.00, 0.596083
57, 325.71, 0.596083
58, 331.43, 0.596083
59, 337.14, 0.596083
60, 342.86, 0.596083
61, 348.57, 0.596083
62, 354.29, 0.640501
63, 360.00, 0.640501
64, 365.71, 0.640501
65, 371.43, 0.640501
66, 377.14, 0.640501
67, 382.86, 0.640501
68, 388.57, 0.640501
69, 394.29, 0.687276
70, 400.00, 0.687276
71, 405.71, 0.687276
72, 411.43, 0.687276
73, 417.14, 0.687276
74, 422.86, 0.687276
75, 428.57, 0.727079
76, 434.29, 0.727079
77, 440.00, 0.727079
78, 445.71, 0.727079
79, 451.43, 0.727079
80, 457.14, 0.727079
81, 462.86, 0.765227
82, 468.57, 0.765227
83, 474.29, 0.765227
84, 480.00, 0.765227
85, 485.71, 0.765227
86, 491.43, 0.765227
87, 497.14, 0.765227
88, 502.86, 0.804952
89, 508.57, 0.804952
90, 514.29, 0.804952
91, 520.00, 0.804952
92, 525.71, 0.804952
93, 531.43, 0.804952
94, 537.14, 0.804952
95, 542.86, 0.838875
96, 548.57, 0.838875
97, 554.29, 0.838875
98, 560.00, 0.838875
99, 565.71, 0.838875
100, 571.43, 0.838875
101, 577.14, 0.871066
102, 582.86, 0.871066
103, 588.57, 0.871066
104, 594.29, 0.871066
105, 600.00, 0.871066
106, 605.71, 0.871066
107, 611.43, 0.871066
108, 617.14, 0.904531
109, 622.86, 0.904531
110, 628.57, 0.904531
111, 634.29, 0.904531
112, 640.00, 0.904531
113, 645.71, 0.904531
114, 651.43, 0.904531
115, 657.14, 0.932842
116, 662.86, 0.932842
117, 668.57, 0.932842
118, 674.29, 0.932842
119, 680.00, 0.932842
120, 685.71, 0.932842
121, 691.43, 0.959509
122, 697.14, 0.959509
123, 702.86, 0.959509
124, 708.57, 0.959509
125, 714.29, 0.959509
126, 720.00, 0.959509
127, 725.71, 0.959509

LC并联数据：
Index, Time(ms), AIN1_AC_Volt
0, 0.00, 0.158547
1, 5.71, 0.158547
2, 11.43, 0.158547
3, 17.14, 0.158547
4, 22.86, 0.158547
5, 28.57, 0.158547
6, 34.29, 0.211614
7, 40.00, 0.211614
8, 45.71, 0.211614
9, 51.43, 0.211614
10, 57.14, 0.211614
11, 62.86, 0.211614
12, 68.57, 0.278608
13, 74.29, 0.278608
14, 80.00, 0.278608
15, 85.71, 0.278608
16, 91.43, 0.278608
17, 97.14, 0.278608
18, 102.86, 0.278608
19, 108.57, 0.369980
20, 114.29, 0.369980
21, 120.00, 0.369980
22, 125.71, 0.369980
23, 131.43, 0.369980
24, 137.14, 0.369980
25, 142.86, 0.369980
26, 148.57, 0.500289
27, 154.29, 0.500289
28, 160.00, 0.500289
29, 165.71, 0.500289
30, 171.43, 0.500289
31, 177.14, 0.500289
32, 182.86, 0.632211
33, 188.57, 0.632211
34, 194.29, 0.632211
35, 200.00, 0.632211
36, 205.71, 0.632211
37, 211.43, 0.632211
38, 217.14, 0.632211
39, 222.86, 0.730148
40, 228.57, 0.730148
41, 234.29, 0.730148
42, 240.00, 0.730148
43, 245.71, 0.730148
44, 251.43, 0.730148
45, 257.14, 0.730148
46, 262.86, 0.730460
47, 268.57, 0.730460
48, 274.29, 0.730460
49, 280.00, 0.730460
50, 285.71, 0.730460
51, 291.43, 0.730460
52, 297.14, 0.660352
53, 302.86, 0.660352
54, 308.57, 0.660352
55, 314.29, 0.660352
56, 320.00, 0.660352
57, 325.71, 0.660352
58, 331.43, 0.575800
59, 337.14, 0.575800
60, 342.86, 0.575800
61, 348.57, 0.575800
62, 354.29, 0.575800
63, 360.00, 0.575800
64, 365.71, 0.575800
65, 371.43, 0.575800
66, 377.14, 0.494361
67, 382.86, 0.494361
68, 388.57, 0.494361
69, 394.29, 0.494361
70, 400.00, 0.494361
71, 405.71, 0.494361
72, 411.43, 0.435300
73, 417.14, 0.435300
74, 422.86, 0.435300
75, 428.57, 0.435300
76, 434.29, 0.435300
77, 440.00, 0.435300
78, 445.71, 0.387020
79, 451.43, 0.387020
80, 457.14, 0.387020
81, 462.86, 0.387020
82, 468.57, 0.387020
83, 474.29, 0.387020
84, 480.00, 0.387020
85, 485.71, 0.344606
86, 491.43, 0.344606
87, 497.14, 0.344606
88, 502.86, 0.344606
89, 508.57, 0.344606
90, 514.29, 0.344606
91, 520.00, 0.344606
92, 525.71, 0.313895
93, 531.43, 0.313895
94, 537.14, 0.313895
95, 542.86, 0.313895
96, 548.57, 0.313895
97, 554.29, 0.313895
98, 560.00, 0.288053
99, 565.71, 0.288053
100, 571.43, 0.288053
101, 577.14, 0.288053
102, 582.86, 0.288053
103, 588.57, 0.288053
104, 594.29, 0.288053
105, 600.00, 0.264295
106, 605.71, 0.264295
107, 611.43, 0.264295
108, 617.14, 0.264295
109, 622.86, 0.264295
110, 628.57, 0.264295
111, 634.29, 0.264295
112, 640.00, 0.245929
113, 645.71, 0.245929
114, 651.43, 0.245929
115, 657.14, 0.245929
116, 662.86, 0.245929
117, 668.57, 0.245929
118, 674.29, 0.229896
119, 680.00, 0.229896
120, 685.71, 0.229896
121, 691.43, 0.229896
122, 697.14, 0.229896
123, 702.86, 0.229896
124, 708.57, 0.229896
125, 714.29, 0.214539
126, 720.00, 0.214539
127, 725.71, 0.214539

RLC并联数据：
Index, Time(ms), AIN1_AC_Volt
0, 0.00, 0.153019
1, 5.71, 0.153019
2, 11.43, 0.153019
3, 17.14, 0.153019
4, 22.86, 0.153019
5, 28.57, 0.153019
6, 34.29, 0.209666
7, 40.00, 0.209666
8, 45.71, 0.209666
9, 51.43, 0.209666
10, 57.14, 0.209666
11, 62.86, 0.209666
12, 68.57, 0.209666
13, 74.29, 0.277086
14, 80.00, 0.277086
15, 85.71, 0.277086
16, 91.43, 0.277086
17, 97.14, 0.277086
18, 102.86, 0.277086
19, 108.57, 0.277086
20, 114.29, 0.379696
21, 120.00, 0.379696
22, 125.71, 0.379696
23, 131.43, 0.379696
24, 137.14, 0.379696
25, 142.86, 0.379696
26, 148.57, 0.497603
27, 154.29, 0.497603
28, 160.00, 0.497603
29, 165.71, 0.497603
30, 171.43, 0.497603
31, 177.14, 0.497603
32, 182.86, 0.497603
33, 188.57, 0.627305
34, 194.29, 0.627305
35, 200.00, 0.627305
36, 205.71, 0.627305
37, 211.43, 0.627305
38, 217.14, 0.627305
39, 222.86, 0.627305
40, 228.57, 0.722991
41, 234.29, 0.722991
42, 240.00, 0.722991
43, 245.71, 0.722991
44, 251.43, 0.722991
45, 257.14, 0.722991
46, 262.86, 0.711888
47, 268.57, 0.711888
48, 274.29, 0.711888
49, 280.00, 0.711888
50, 285.71, 0.711888
51, 291.43, 0.711888
52, 297.14, 0.639330
53, 302.86, 0.639330
54, 308.57, 0.639330
55, 314.29, 0.639330
56, 320.00, 0.639330
57, 325.71, 0.639330
58, 331.43, 0.639330
59, 337.14, 0.547716
60, 342.86, 0.547716
61, 348.57, 0.547716
62, 354.29, 0.547716
63, 360.00, 0.547716
64, 365.71, 0.547716
65, 371.43, 0.547716
66, 377.14, 0.476218
67, 382.86, 0.476218
68, 388.57, 0.476218
69, 394.29, 0.476218
70, 400.00, 0.476218
71, 405.71, 0.476218
72, 411.43, 0.418402
73, 417.14, 0.418402
74, 422.86, 0.418402
75, 428.57, 0.418402
76, 434.29, 0.418402
77, 440.00, 0.418402
78, 445.71, 0.418402
79, 451.43, 0.367959
80, 457.14, 0.367959
81, 462.86, 0.367959
82, 468.57, 0.367959
83, 474.29, 0.367959
84, 480.00, 0.367959
85, 485.71, 0.367959
86, 491.43, 0.331881
87, 497.14, 0.331881
88, 502.86, 0.331881
89, 508.57, 0.331881
90, 514.29, 0.331881
91, 520.00, 0.331881
92, 525.71, 0.301917
93, 531.43, 0.301917
94, 537.14, 0.301917
95, 542.86, 0.301917
96, 548.57, 0.301917
97, 554.29, 0.301917
98, 560.00, 0.301917
99, 565.71, 0.274769
100, 571.43, 0.274769
101, 577.14, 0.274769
102, 582.86, 0.274769
103, 588.57, 0.274769
104, 594.29, 0.274769
105, 600.00, 0.274769
106, 605.71, 0.254094
107, 611.43, 0.254094
108, 617.14, 0.254094
109, 622.86, 0.254094
110, 628.57, 0.254094
111, 634.29, 0.254094
112, 640.00, 0.236342
113, 645.71, 0.236342
114, 651.43, 0.236342
115, 657.14, 0.236342
116, 662.86, 0.236342
117, 668.57, 0.236342
118, 674.29, 0.236342
119, 680.00, 0.219455
120, 685.71, 0.219455
121, 691.43, 0.219455
122, 697.14, 0.219455
123, 702.86, 0.219455
124, 708.57, 0.219455
125, 714.29, 0.206251
126, 720.00, 0.206251
127, 725.71, 0.206251

RL串联数据：
执行LoadMode_DC，等待前50ms...
发送命令: SET_SWEEP 1 10000 2000000 1023 1000 100
进入模式2，平均电压: 0.2322
采样点数: 100
接收: SET_SWEEP
Index, Time(ms), AIN1_AC_Volt
0, 0.00, 0.411381
1, 5.71, 0.411381
2, 11.43, 0.423633
3, 17.14, 0.423633
4, 22.86, 0.423633
5, 28.57, 0.423633
6, 34.29, 0.423633
7, 40.00, 0.423633
8, 45.71, 0.423633
9, 51.43, 0.495253
10, 57.14, 0.495253
11, 62.86, 0.495253
12, 68.57, 0.495253
13, 74.29, 0.495253
14, 80.00, 0.495253
15, 85.71, 0.589455
16, 91.43, 0.589455
17, 97.14, 0.589455
18, 102.86, 0.589455
19, 108.57, 0.589455
20, 114.29, 0.589455
21, 120.00, 0.589455
22, 125.71, 0.701586
23, 131.43, 0.701586
24, 137.14, 0.701586
25, 142.86, 0.701586
26, 148.57, 0.701586
27, 154.29, 0.701586
28, 160.00, 0.701586
29, 165.71, 0.830801
30, 171.43, 0.830801
31, 177.14, 0.830801
32, 182.86, 0.830801
33, 188.57, 0.830801
34, 194.29, 0.830801
35, 200.00, 0.944354
36, 205.71, 0.944354
37, 211.43, 0.944354
38, 217.14, 0.944354
39, 222.86, 0.944354
40, 228.57, 0.944354
41, 234.29, 0.944354
42, 240.00, 1.048269
43, 245.71, 1.048269
44, 251.43, 1.048269
45, 257.14, 1.048269
46, 262.86, 1.048269
47, 268.57, 1.048269
48, 274.29, 1.048269
49, 280.00, 1.150600
50, 285.71, 1.150600
51, 291.43, 1.150600
52, 297.14, 1.150600
53, 302.86, 1.150600
54, 308.57, 1.150600
55, 314.29, 1.232760
56, 320.00, 1.232760
57, 325.71, 1.232760
58, 331.43, 1.232760
59, 337.14, 1.232760
60, 342.86, 1.232760
61, 348.57, 1.232760
62, 354.29, 1.305180
63, 360.00, 1.305180
64, 365.71, 1.305180
65, 371.43, 1.305180
66, 377.14, 1.305180
67, 382.86, 1.305180
68, 388.57, 1.305180
69, 394.29, 1.375207
70, 400.00, 1.375207
71, 405.71, 1.375207
72, 411.43, 1.375207
73, 417.14, 1.375207
74, 422.86, 1.375207
75, 428.57, 1.429543
76, 434.29, 1.429543
77, 440.00, 1.429543
78, 445.71, 1.429543
79, 451.43, 1.429543
80, 457.14, 1.429543
81, 462.86, 1.429543
82, 468.57, 1.476598
83, 474.29, 1.476598
84, 480.00, 1.476598
85, 485.71, 1.476598
86, 491.43, 1.476598
87, 497.14, 1.476598
88, 502.86, 1.476598
89, 508.57, 1.519807
90, 514.29, 1.519807
91, 520.00, 1.519807
92, 525.71, 1.519807
93, 531.43, 1.519807
94, 537.14, 1.519807
95, 542.86, 1.552093
96, 548.57, 1.552093
97, 554.29, 1.552093
98, 560.00, 1.552093
99, 565.71, 1.552093
100, 571.43, 1.552093
101, 577.14, 1.552093
102, 582.86, 1.578545
103, 588.57, 1.578545
104, 594.29, 1.578545
105, 600.00, 1.578545
106, 605.71, 1.578545
107, 611.43, 1.578545
108, 617.14, 1.578545
109, 622.86, 1.601731
110, 628.57, 1.601731
111, 634.29, 1.601731
112, 640.00, 1.601731
113, 645.71, 1.601731
114, 651.43, 1.601731
115, 657.14, 1.617806
116, 662.86, 1.617806
117, 668.57, 1.617806
118, 674.29, 1.617806
119, 680.00, 1.617806
120, 685.71, 1.617806
121, 691.43, 1.617806
122, 697.14, 1.629911
123, 702.86, 1.629911
124, 708.57, 1.629911
125, 714.29, 1.629911
126, 720.00, 1.629911
127, 725.71, 1.629911
Total samples: 128
Target samples: 128
Sampling time: 1000 ms
Actual sampling rate: 128.00 SPS
等待1000毫秒后重新开始...

RL并联数据：
执行LoadMode_DC，等待前50ms...
发送命令: SET_SWEEP 1 10000 2000000 1023 1000 100
进入模式2，平均电压: 0.5964
采样点数: 100
接收: SET_SWEEP
Index, Time(ms), AIN1_AC_Volt
0, 0.00, 0.910808
1, 5.71, 0.910808
2, 11.43, 0.910808
3, 17.14, 0.910808
4, 22.86, 0.910808
5, 28.57, 0.910808
6, 34.29, 0.910808
7, 40.00, 0.016047
8, 45.71, 0.016047
9, 51.43, 0.016047
10, 57.14, 0.016047
11, 62.86, 0.016047
12, 68.57, 0.016047
13, 74.29, 0.015993
14, 80.00, 0.015993
15, 85.71, 0.015993
16, 91.43, 0.015993
17, 97.14, 0.015993
18, 102.86, 0.015993
19, 108.57, 0.015993
20, 114.29, 0.015992
21, 120.00, 0.015992
22, 125.71, 0.015992
23, 131.43, 0.015992
24, 137.14, 0.015992
25, 142.86, 0.015992
26, 148.57, 0.015992
27, 154.29, 0.015991
28, 160.00, 0.015991
29, 165.71, 0.015991
30, 171.43, 0.015991
31, 177.14, 0.015991
32, 182.86, 0.015991
33, 188.57, 0.015998
34, 194.29, 0.015998
35, 200.00, 0.015998
36, 205.71, 0.015998
37, 211.43, 0.015998
38, 217.14, 0.015998
39, 222.86, 0.015996
40, 228.57, 0.015996
41, 234.29, 0.015996
42, 240.00, 0.015996
43, 245.71, 0.015996
44, 251.43, 0.015996
45, 257.14, 0.015996
46, 262.86, 0.015996
47, 268.57, 0.016016
48, 274.29, 0.016016
49, 280.00, 0.016016
50, 285.71, 0.016016
51, 291.43, 0.016016
52, 297.14, 0.016016
53, 302.86, 0.015975
54, 308.57, 0.015975
55, 314.29, 0.015975
56, 320.00, 0.015975
57, 325.71, 0.015975
58, 331.43, 0.015975
59, 337.14, 0.015973
60, 342.86, 0.015973
61, 348.57, 0.015973
62, 354.29, 0.015973
63, 360.00, 0.015973
64, 365.71, 0.015973
65, 371.43, 0.015973
66, 377.14, 0.015969
67, 382.86, 0.015969
68, 388.57, 0.015969
69, 394.29, 0.015969
70, 400.00, 0.015969
71, 405.71, 0.015969
72, 411.43, 0.015969
73, 417.14, 0.015964
74, 422.86, 0.015964
75, 428.57, 0.015964
76, 434.29, 0.015964
77, 440.00, 0.015964
78, 445.71, 0.015964
79, 451.43, 0.015967
80, 457.14, 0.015967
81, 462.86, 0.015967
82, 468.57, 0.015967
83, 474.29, 0.015967
84, 480.00, 0.015967
85, 485.71, 0.015967
86, 491.43, 0.015999
87, 497.14, 0.015999
88, 502.86, 0.015999
89, 508.57, 0.015999
90, 514.29, 0.015999
91, 520.00, 0.015999
92, 525.71, 0.015976
93, 531.43, 0.015976
94, 537.14, 0.015976
95, 542.86, 0.015976
96, 548.57, 0.015976
97, 554.29, 0.015976
98, 560.00, 0.015976
99, 565.71, 0.016030
100, 571.43, 0.016030
101, 577.14, 0.016030
102, 582.86, 0.016030
103, 588.57, 0.016030
104, 594.29, 0.016030
105, 600.00, 0.016030
106, 605.71, 0.016014
107, 611.43, 0.016014
108, 617.14, 0.016014
109, 622.86, 0.016014
110, 628.57, 0.016014
111, 634.29, 0.016014
112, 640.00, 0.016000
113, 645.71, 0.016000
114, 651.43, 0.016000
115, 657.14, 0.016000
116, 662.86, 0.016000
117, 668.57, 0.016000
118, 674.29, 0.015992
119, 680.00, 0.015992
120, 685.71, 0.015992
121, 691.43, 0.015992
122, 697.14, 0.015992
123, 702.86, 0.015992
124, 708.57, 0.015992
125, 714.29, 0.015983
126, 720.00, 0.015983
127, 725.71, 0.015983
Total samples: 128
Target samples: 128
Sampling time: 1000 ms
Actual sampling rate: 128.00 SPS
等待1000毫秒后重新开始...

RLC串联数据
第一组：
执行LoadMode_DC，等待前50ms...
发送命令: SET_SWEEP 1 100 1000000 1023 1000 2000000
进入模式3，平均电压: 0.9973
采样点数: 100
接收: SET_SWEEP
Index, Time(ms), AIN1_AC_Volt
0, 0.00, 1.622230
1, 5.71, 1.622230
2, 11.43, 1.622230
3, 17.14, 0.647720
4, 22.86, 0.647720
5, 28.57, 0.647720
6, 34.29, 0.647720
7, 40.00, 0.647720
8, 45.71, 0.647720
9, 51.43, 0.647720
10, 57.14, 0.629387
11, 62.86, 0.629387
12, 68.57, 0.629387
13, 74.29, 0.629387
14, 80.00, 0.629387
15, 85.71, 0.629387
16, 91.43, 0.644097
17, 97.14, 0.644097
18, 102.86, 0.644097
19, 108.57, 0.644097
20, 114.29, 0.644097
21, 120.00, 0.644097
22, 125.71, 0.644097
23, 131.43, 0.668668
24, 137.14, 0.668668
25, 142.86, 0.668668
26, 148.57, 0.668668
27, 154.29, 0.668668
28, 160.00, 0.668668
29, 165.71, 0.696941
30, 171.43, 0.696941
31, 177.14, 0.696941
32, 182.86, 0.696941
33, 188.57, 0.696941
34, 194.29, 0.696941
35, 200.00, 0.696941
36, 205.71, 0.729742
37, 211.43, 0.729742
38, 217.14, 0.729742
39, 222.86, 0.729742
40, 228.57, 0.729742
41, 234.29, 0.729742
42, 240.00, 0.729742
43, 245.71, 0.770320
44, 251.43, 0.770320
45, 257.14, 0.770320
46, 262.86, 0.770320
47, 268.57, 0.770320
48, 274.29, 0.770320
49, 280.00, 0.809496
50, 285.71, 0.809496
51, 291.43, 0.809496
52, 297.14, 0.809496
53, 302.86, 0.809496
54, 308.57, 0.809496
55, 314.29, 0.809496
56, 320.00, 0.850118
57, 325.71, 0.850118
58, 331.43, 0.850118
59, 337.14, 0.850118
60, 342.86, 0.850118
61, 348.57, 0.850118
62, 354.29, 0.850118
63, 360.00, 0.896167
64, 365.71, 0.896167
65, 371.43, 0.896167
66, 377.14, 0.896167
67, 382.86, 0.896167
68, 388.57, 0.896167
69, 394.29, 0.937460
70, 400.00, 0.937460
71, 405.71, 0.937460
72, 411.43, 0.937460
73, 417.14, 0.937460
74, 422.86, 0.937460
75, 428.57, 0.978409
76, 434.29, 0.978409
77, 440.00, 0.978409
78, 445.71, 0.978409
79, 451.43, 0.978409
80, 457.14, 0.978409
81, 462.86, 0.978409
82, 468.57, 1.022954
83, 474.29, 1.022954
84, 480.00, 1.022954
85, 485.71, 1.022954
86, 491.43, 1.022954
87, 497.14, 1.022954
88, 502.86, 1.022954
89, 508.57, 1.061814
90, 514.29, 1.061814
91, 520.00, 1.061814
92, 525.71, 1.061814
93, 531.43, 1.061814
94, 537.14, 1.061814
95, 542.86, 1.099931
96, 548.57, 1.099931
97, 554.29, 1.099931
98, 560.00, 1.099931
99, 565.71, 1.099931
100, 571.43, 1.099931
101, 577.14, 1.099931
102, 582.86, 1.140427
103, 588.57, 1.140427
104, 594.29, 1.140427
105, 600.00, 1.140427
106, 605.71, 1.140427
107, 611.43, 1.140427
108, 617.14, 1.140427
109, 622.86, 1.175831
110, 628.57, 1.175831
111, 634.29, 1.175831
112, 640.00, 1.175831
113, 645.71, 1.175831
114, 651.43, 1.175831
115, 657.14, 1.209439
116, 662.86, 1.209439
117, 668.57, 1.209439
118, 674.29, 1.209439
119, 680.00, 1.209439
120, 685.71, 1.209439
121, 691.43, 1.209439
122, 697.14, 1.244914
123, 702.86, 1.244914
124, 708.57, 1.244914
125, 714.29, 1.244914
126, 720.00, 1.244914
127, 725.71, 1.244914
Total samples: 128
Target samples: 128
Sampling time: 1000 ms
Actual sampling rate: 128.00 SPS
等待1000毫秒后重新开始...

第二组：
执行LoadMode_DC，等待前50ms...
发送命令: SET_SWEEP 1 100 1000000 1023 1000 2000000
进入模式3，平均电压: 0.9974
采样点数: 100
接收: SET_SWEEP
Index, Time(ms), AIN1_AC_Volt
0, 0.00, 1.548612
1, 5.71, 1.548612
2, 11.43, 1.548612
3, 17.14, 1.051678
4, 22.86, 1.051678
5, 28.57, 1.051678
6, 34.29, 1.051678
7, 40.00, 1.051678
8, 45.71, 1.051678
9, 51.43, 1.051675
10, 57.14, 1.051675
11, 62.86, 1.051675
12, 68.57, 1.051675
13, 74.29, 1.051675
14, 80.00, 1.051675
15, 85.71, 1.054005
16, 91.43, 1.054005
17, 97.14, 1.054005
18, 102.86, 1.054005
19, 108.57, 1.054005
20, 114.29, 1.054005
21, 120.00, 1.054005
22, 125.71, 1.057929
23, 131.43, 1.057929
24, 137.14, 1.057929
25, 142.86, 1.057929
26, 148.57, 1.057929
27, 154.29, 1.057929
28, 160.00, 1.057929
29, 165.71, 1.062618
30, 171.43, 1.062618
31, 177.14, 1.062618
32, 182.86, 1.062618
33, 188.57, 1.062618
34, 194.29, 1.062618
35, 200.00, 1.068427
36, 205.71, 1.068427
37, 211.43, 1.068427
38, 217.14, 1.068427
39, 222.86, 1.068427
40, 228.57, 1.068427
41, 234.29, 1.068427
42, 240.00, 1.076215
43, 245.71, 1.076215
44, 251.43, 1.076215
45, 257.14, 1.076215
46, 262.86, 1.076215
47, 268.57, 1.076215
48, 274.29, 1.084161
49, 280.00, 1.084161
50, 285.71, 1.084161
51, 291.43, 1.084161
52, 297.14, 1.084161
53, 302.86, 1.084161
54, 308.57, 1.093145
55, 314.29, 1.093145
56, 320.00, 1.093145
57, 325.71, 1.093145
58, 331.43, 1.093145
59, 337.14, 1.093145
60, 342.86, 1.093145
61, 348.57, 1.103992
62, 354.29, 1.103992
63, 360.00, 1.103992
64, 365.71, 1.103992
65, 371.43, 1.103992
66, 377.14, 1.103992
67, 382.86, 1.103992
68, 388.57, 1.114612
69, 394.29, 1.114612
70, 400.00, 1.114612
71, 405.71, 1.114612
72, 411.43, 1.114612
73, 417.14, 1.114612
74, 422.86, 1.126073
75, 428.57, 1.126073
76, 434.29, 1.126073
77, 440.00, 1.126073
78, 445.71, 1.126073
79, 451.43, 1.126073
80, 457.14, 1.126073
81, 462.86, 1.139416
82, 468.57, 1.139416
83, 474.29, 1.139416
84, 480.00, 1.139416
85, 485.71, 1.139416
86, 491.43, 1.139416
87, 497.14, 1.151949
88, 502.86, 1.151949
89, 508.57, 1.151949
90, 514.29, 1.151949
91, 520.00, 1.151949
92, 525.71, 1.151949
93, 531.43, 1.164989
94, 537.14, 1.164989
95, 542.86, 1.164989
96, 548.57, 1.164989
97, 554.29, 1.164989
98, 560.00, 1.164989
99, 565.71, 1.164989
100, 571.43, 1.179864
101, 577.14, 1.179864
102, 582.86, 1.179864
103, 588.57, 1.179864
104, 594.29, 1.179864
105, 600.00, 1.179864
106, 605.71, 1.193673
107, 611.43, 1.193673
108, 617.14, 1.193673
109, 622.86, 1.193673
110, 628.57, 1.193673
111, 634.29, 1.193673
112, 640.00, 1.207654
113, 645.71, 1.207654
114, 651.43, 1.207654
115, 657.14, 1.207654
116, 662.86, 1.207654
117, 668.57, 1.207654
118, 674.29, 1.207654
119, 680.00, 1.223449
120, 685.71, 1.223449
121, 691.43, 1.223449
122, 697.14, 1.223449
123, 702.86, 1.223449
124, 708.57, 1.223449
125, 714.29, 1.223449
126, 720.00, 1.237685
127, 725.71, 1.237685
Total samples: 128
Target samples: 128
Sampling time: 1000 ms
Actual sampling rate: 128.00 SPS
等待1000毫秒后重新开始...

RL串联数据：
第一组：
执行LoadMode_DC，等待前50ms...
发送命令: SET_SWEEP 1 100 1000000 1023 1000 2000000
进入模式3，平均电压: 0.9973
采样点数: 100
接收: SET_SWEEP
Index, Time(ms), AIN1_AC_Volt
0, 0.00, 1.665734
1, 5.71, 1.665734
2, 11.43, 1.665734
3, 17.14, 0.414264
4, 22.86, 0.414264
5, 28.57, 0.414264
6, 34.29, 0.414264
7, 40.00, 0.414264
8, 45.71, 0.414264
9, 51.43, 0.414264
10, 57.14, 0.143232
11, 62.86, 0.143232
12, 68.57, 0.143232
13, 74.29, 0.143232
14, 80.00, 0.143232
15, 85.71, 0.143232
16, 91.43, 0.267430
17, 97.14, 0.267430
18, 102.86, 0.267430
19, 108.57, 0.267430
20, 114.29, 0.267430
21, 120.00, 0.267430
22, 125.71, 0.267430
23, 131.43, 0.381999
24, 137.14, 0.381999
25, 142.86, 0.381999
26, 148.57, 0.381999
27, 154.29, 0.381999
28, 160.00, 0.381999
29, 165.71, 0.381999
30, 171.43, 0.501217
31, 177.14, 0.501217
32, 182.86, 0.501217
33, 188.57, 0.501217
34, 194.29, 0.501217
35, 200.00, 0.501217
36, 205.71, 0.602661
37, 211.43, 0.602661
38, 217.14, 0.602661
39, 222.86, 0.602661
40, 228.57, 0.602661
41, 234.29, 0.602661
42, 240.00, 0.602661
43, 245.71, 0.698194
44, 251.43, 0.698194
45, 257.14, 0.698194
46, 262.86, 0.698194
47, 268.57, 0.698194
48, 274.29, 0.698194
49, 280.00, 0.698194
50, 285.71, 0.795915
51, 291.43, 0.795915
52, 297.14, 0.795915
53, 302.86, 0.795915
54, 308.57, 0.795915
55, 314.29, 0.795915
56, 320.00, 0.795915
57, 325.71, 0.879382
58, 331.43, 0.879382
59, 337.14, 0.879382
60, 342.86, 0.879382
61, 348.57, 0.879382
62, 354.29, 0.879382
63, 360.00, 0.955822
64, 365.71, 0.955822
65, 371.43, 0.955822
66, 377.14, 0.955822
67, 382.86, 0.955822
68, 388.57, 0.955822
69, 394.29, 0.955822
70, 400.00, 1.033171
71, 405.71, 1.033171
72, 411.43, 1.033171
73, 417.14, 1.033171
74, 422.86, 1.033171
75, 428.57, 1.033171
76, 434.29, 1.033171
77, 440.00, 1.097756
78, 445.71, 1.097756
79, 451.43, 1.097756
80, 457.14, 1.097756
81, 462.86, 1.097756
82, 468.57, 1.097756
83, 474.29, 1.157094
84, 480.00, 1.157094
85, 485.71, 1.157094
86, 491.43, 1.157094
87, 497.14, 1.157094
88, 502.86, 1.157094
89, 508.57, 1.157094
90, 514.29, 1.157094
91, 520.00, 1.216759
92, 525.71, 1.216759
93, 531.43, 1.216759
94, 537.14, 1.216759
95, 542.86, 1.216759
96, 548.57, 1.216759
97, 554.29, 1.266104
98, 560.00, 1.266104
99, 565.71, 1.266104
100, 571.43, 1.266104
101, 577.14, 1.266104
102, 582.86, 1.266104
103, 588.57, 1.311205
104, 594.29, 1.311205
105, 600.00, 1.311205
106, 605.71, 1.311205
107, 611.43, 1.311205
108, 617.14, 1.311205
109, 622.86, 1.311205
110, 628.57, 1.311205
111, 634.29, 1.356533
112, 640.00, 1.356533
113, 645.71, 1.356533
114, 651.43, 1.356533
115, 657.14, 1.356533
116, 662.86, 1.356533
117, 668.57, 1.393921
118, 674.29, 1.393921
119, 680.00, 1.393921
120, 685.71, 1.393921
121, 691.43, 1.393921
122, 697.14, 1.393921
123, 702.86, 1.393921
124, 708.57, 1.427884
125, 714.29, 1.427884
126, 720.00, 1.427884
127, 725.71, 1.427884
Total samples: 128
Target samples: 128
Sampling time: 1000 ms
Actual sampling rate: 128.00 SPS
等待1000毫秒后重新开始...

第二组：
执行LoadMode_DC，等待前50ms...
发送命令: SET_SWEEP 1 100 1000000 1023 1000 2000000
进入模式3，平均电压: 0.9973
采样点数: 100
接收: SET_SWEEP
Index, Time(ms), AIN1_AC_Volt
0, 0.00, 1.665528
1, 5.71, 1.665528
2, 11.43, 1.665528
3, 17.14, 1.665528
4, 22.86, 1.665528
5, 28.57, 0.116048
6, 34.29, 0.116048
7, 40.00, 0.116048
8, 45.71, 0.116048
9, 51.43, 0.116048
10, 57.14, 0.116048
11, 62.86, 0.116048
12, 68.57, 0.194173
13, 74.29, 0.194173
14, 80.00, 0.194173
15, 85.71, 0.194173
16, 91.43, 0.194173
17, 97.14, 0.194173
18, 102.86, 0.312861
19, 108.57, 0.312861
20, 114.29, 0.312861
21, 120.00, 0.312861
22, 125.71, 0.312861
23, 131.43, 0.312861
24, 137.14, 0.312861
25, 142.86, 0.425499
26, 148.57, 0.425499
27, 154.29, 0.425499
28, 160.00, 0.425499
29, 165.71, 0.425499
30, 171.43, 0.425499
31, 177.14, 0.425499
32, 182.86, 0.542237
33, 188.57, 0.542237
34, 194.29, 0.542237
35, 200.00, 0.542237
36, 205.71, 0.542237
37, 211.43, 0.542237
38, 217.14, 0.542237
39, 222.86, 0.641612
40, 228.57, 0.641612
41, 234.29, 0.641612
42, 240.00, 0.641612
43, 245.71, 0.641612
44, 251.43, 0.641612
45, 257.14, 0.735575
46, 262.86, 0.735575
47, 268.57, 0.735575
48, 274.29, 0.735575
49, 280.00, 0.735575
50, 285.71, 0.735575
51, 291.43, 0.735575
52, 297.14, 0.735575
53, 302.86, 0.832737
54, 308.57, 0.832737
55, 314.29, 0.832737
56, 320.00, 0.832737
57, 325.71, 0.832737
58, 331.43, 0.832737
59, 337.14, 0.914183
60, 342.86, 0.914183
61, 348.57, 0.914183
62, 354.29, 0.914183
63, 360.00, 0.914183
64, 365.71, 0.914183
65, 371.43, 0.914183
66, 377.14, 0.988847
67, 382.86, 0.988847
68, 388.57, 0.988847
69, 394.29, 0.988847
70, 400.00, 0.988847
71, 405.71, 0.988847
72, 411.43, 0.988847
73, 417.14, 1.064217
74, 422.86, 1.064217
75, 428.57, 1.064217
76, 434.29, 1.064217
77, 440.00, 1.064217
78, 445.71, 1.064217
79, 451.43, 1.064217
80, 457.14, 1.126686
81, 462.86, 1.126686
82, 468.57, 1.126686
83, 474.29, 1.126686
84, 480.00, 1.126686
85, 485.71, 1.126686
86, 491.43, 1.184466
87, 497.14, 1.184466
88, 502.86, 1.184466
89, 508.57, 1.184466
90, 514.29, 1.184466
91, 520.00, 1.184466
92, 525.71, 1.184466
93, 531.43, 1.184466
94, 537.14, 1.242661
95, 542.86, 1.242661
96, 548.57, 1.242661
97, 554.29, 1.242661
98, 560.00, 1.242661
99, 565.71, 1.242661
100, 571.43, 1.290586
101, 577.14, 1.290586
102, 582.86, 1.290586
103, 588.57, 1.290586
104, 594.29, 1.290586
105, 600.00, 1.290586
106, 605.71, 1.290586
107, 611.43, 1.334318
108, 617.14, 1.334318
109, 622.86, 1.334318
110, 628.57, 1.334318
111, 634.29, 1.334318
112, 640.00, 1.334318
113, 645.71, 1.334318
114, 651.43, 1.378162
115, 657.14, 1.378162
116, 662.86, 1.378162
117, 668.57, 1.378162
118, 674.29, 1.378162
119, 680.00, 1.378162
120, 685.71, 1.378162
121, 691.43, 1.414029
122, 697.14, 1.414029
123, 702.86, 1.414029
124, 708.57, 1.414029
125, 714.29, 1.414029
126, 720.00, 1.414029
127, 725.71, 1.446512
Total samples: 128
Target samples: 128
Sampling time: 1000 ms
Actual sampling rate: 128.00 SPS
等待1000毫秒后重新开始...

RC串联数据：
第一组：
执行LoadMode_DC，等待前50ms...
发送命令: SET_SWEEP 1 100 1000000 1023 1000 2000000
进入模式3，平均电压: 0.9976
采样点数: 100
接收: SET_SWEEP
Index, Time(ms), AIN1_AC_Volt
0, 0.00, 0.427802
1, 5.71, 0.427802
2, 11.43, 0.427802
3, 17.14, 0.427802
4, 22.86, 0.427802
5, 28.57, 0.427802
6, 34.29, 0.427802
7, 40.00, 0.429237
8, 45.71, 0.429237
9, 51.43, 0.429237
10, 57.14, 0.429237
11, 62.86, 0.429237
12, 68.57, 0.429237
13, 74.29, 0.428901
14, 80.00, 0.428901
15, 85.71, 0.428901
16, 91.43, 0.428901
17, 97.14, 0.428901
18, 102.86, 0.428901
19, 108.57, 0.428759
20, 114.29, 0.428759
21, 120.00, 0.428759
22, 125.71, 0.428759
23, 131.43, 0.428759
24, 137.14, 0.428759
25, 142.86, 0.428759
26, 148.57, 0.428704
27, 154.29, 0.428704
28, 160.00, 0.428704
29, 165.71, 0.428704
30, 171.43, 0.428704
31, 177.14, 0.428704
32, 182.86, 0.428704
33, 188.57, 0.428656
34, 194.29, 0.428656
35, 200.00, 0.428656
36, 205.71, 0.428656
37, 211.43, 0.428656
38, 217.14, 0.428656
39, 222.86, 0.428634
40, 228.57, 0.428634
41, 234.29, 0.428634
42, 240.00, 0.428634
43, 245.71, 0.428634
44, 251.43, 0.428634
45, 257.14, 0.428634
46, 262.86, 0.428631
47, 268.57, 0.428631
48, 274.29, 0.428631
49, 280.00, 0.428631
50, 285.71, 0.428631
51, 291.43, 0.428631
52, 297.14, 0.428590
53, 302.86, 0.428590
54, 308.57, 0.428590
55, 314.29, 0.428590
56, 320.00, 0.428590
57, 325.71, 0.428590
58, 331.43, 0.428590
59, 337.14, 0.428559
60, 342.86, 0.428559
61, 348.57, 0.428559
62, 354.29, 0.428559
63, 360.00, 0.428559
64, 365.71, 0.428559
65, 371.43, 0.428515
66, 377.14, 0.428515
67, 382.86, 0.428515
68, 388.57, 0.428515
69, 394.29, 0.428515
70, 400.00, 0.428515
71, 405.71, 0.428515
72, 411.43, 0.428464
73, 417.14, 0.428464
74, 422.86, 0.428464
75, 428.57, 0.428464
76, 434.29, 0.428464
77, 440.00, 0.428464
78, 445.71, 0.428467
79, 451.43, 0.428467
80, 457.14, 0.428467
81, 462.86, 0.428467
82, 468.57, 0.428467
83, 474.29, 0.428467
84, 480.00, 0.428467
85, 485.71, 0.428465
86, 491.43, 0.428465
87, 497.14, 0.428465
88, 502.86, 0.428465
89, 508.57, 0.428465
90, 514.29, 0.428465
91, 520.00, 0.428401
92, 525.71, 0.428401
93, 531.43, 0.428401
94, 537.14, 0.428401
95, 542.86, 0.428401
96, 548.57, 0.428401
97, 554.29, 0.428382
98, 560.00, 0.428382
99, 565.71, 0.428382
100, 571.43, 0.428382
101, 577.14, 0.428382
102, 582.86, 0.428382
103, 588.57, 0.428382
104, 594.29, 0.428356
105, 600.00, 0.428356
106, 605.71, 0.428356
107, 611.43, 0.428356
108, 617.14, 0.428356
109, 622.86, 0.428356
110, 628.57, 0.428326
111, 634.29, 0.428326
112, 640.00, 0.428326
113, 645.71, 0.428326
114, 651.43, 0.428326
115, 657.14, 0.428326
116, 662.86, 0.428326
117, 668.57, 0.428302
118, 674.29, 0.428302
119, 680.00, 0.428302
120, 685.71, 0.428302
121, 691.43, 0.428302
122, 697.14, 0.428302
123, 702.86, 0.428302
124, 708.57, 0.428253
125, 714.29, 0.428253
126, 720.00, 0.428253
127, 725.71, 0.428253
Total samples: 128
Target samples: 128
Sampling time: 1000 ms
Actual sampling rate: 128.00 SPS
等待1000毫秒后重新开始...

第二组：
执行LoadMode_DC，等待前50ms...
发送命令: SET_SWEEP 1 100 1000000 1023 1000 2000000
进入模式3，平均电压: 0.9979
采样点数: 100
接收: SET_SWEEP
Index, Time(ms), AIN1_AC_Volt
0, 0.00, 1.018243
1, 5.71, 1.018243
2, 11.43, 1.018243
3, 17.14, 1.018243
4, 22.86, 1.018243
5, 28.57, 1.018243
6, 34.29, 1.049445
7, 40.00, 1.049445
8, 45.71, 1.049445
9, 51.43, 1.049445
10, 57.14, 1.049445
11, 62.86, 1.049445
12, 68.57, 1.049445
13, 74.29, 1.049349
14, 80.00, 1.049349
15, 85.71, 1.049349
16, 91.43, 1.049349
17, 97.14, 1.049349
18, 102.86, 1.049349
19, 108.57, 1.049180
20, 114.29, 1.049180
21, 120.00, 1.049180
22, 125.71, 1.049180
23, 131.43, 1.049180
24, 137.14, 1.049180
25, 142.86, 1.049180
26, 148.57, 1.049049
27, 154.29, 1.049049
28, 160.00, 1.049049
29, 165.71, 1.049049
30, 171.43, 1.049049
31, 177.14, 1.049049
32, 182.86, 1.048871
33, 188.57, 1.048871
34, 194.29, 1.048871
35, 200.00, 1.048871
36, 205.71, 1.048871
37, 211.43, 1.048871
38, 217.14, 1.048871
39, 222.86, 1.048591
40, 228.57, 1.048591
41, 234.29, 1.048591
42, 240.00, 1.048591
43, 245.71, 1.048591
44, 251.43, 1.048591
45, 257.14, 1.048440
46, 262.86, 1.048440
47, 268.57, 1.048440
48, 274.29, 1.048440
49, 280.00, 1.048440
50, 285.71, 1.048440
51, 291.43, 1.048290
52, 297.14, 1.048290
53, 302.86, 1.048290
54, 308.57, 1.048290
55, 314.29, 1.048290
56, 320.00, 1.048290
57, 325.71, 1.048290
58, 331.43, 1.047968
59, 337.14, 1.047968
60, 342.86, 1.047968
61, 348.57, 1.047968
62, 354.29, 1.047968
63, 360.00, 1.047968
64, 365.71, 1.047789
65, 371.43, 1.047789
66, 377.14, 1.047789
67, 382.86, 1.047789
68, 388.57, 1.047789
69, 394.29, 1.047789
70, 400.00, 1.047473
71, 405.71, 1.047473
72, 411.43, 1.047473
73, 417.14, 1.047473
74, 422.86, 1.047473
75, 428.57, 1.047473
76, 434.29, 1.047473
77, 440.00, 1.047014
78, 445.71, 1.047014
79, 451.43, 1.047014
80, 457.14, 1.047014
81, 462.86, 1.047014
82, 468.57, 1.047014
83, 474.29, 1.046744
84, 480.00, 1.046744
85, 485.71, 1.046744
86, 491.43, 1.046744
87, 497.14, 1.046744
88, 502.86, 1.046744
89, 508.57, 1.046422
90, 514.29, 1.046422
91, 520.00, 1.046422
92, 525.71, 1.046422
93, 531.43, 1.046422
94, 537.14, 1.046422
95, 542.86, 1.046422
96, 548.57, 1.045942
97, 554.29, 1.045942
98, 560.00, 1.045942
99, 565.71, 1.045942
100, 571.43, 1.045942
101, 577.14, 1.045942
102, 582.86, 1.045546
103, 588.57, 1.045546
104, 594.29, 1.045546
105, 600.00, 1.045546
106, 605.71, 1.045546
107, 611.43, 1.045546
108, 617.14, 1.045197
109, 622.86, 1.045197
110, 628.57, 1.045197
111, 634.29, 1.045197
112, 640.00, 1.045197
113, 645.71, 1.045197
114, 651.43, 1.045197
115, 657.14, 1.044688
116, 662.86, 1.044688
117, 668.57, 1.044688
118, 674.29, 1.044688
119, 680.00, 1.044688
120, 685.71, 1.044688
121, 691.43, 1.044185
122, 697.14, 1.044185
123, 702.86, 1.044185
124, 708.57, 1.044185
125, 714.29, 1.044185
126, 720.00, 1.044185
127, 725.71, 1.043655
Total samples: 128
Target samples: 128
Sampling time: 1000 ms
Actual sampling rate: 128.00 SPS
等待1000毫秒后重新开始...


RL并联数据，第一组：
0, 0.00, 0.088162
1, 5.71, 0.088162
2, 11.43, 0.088162
3, 17.14, 0.101123
4, 22.86, 0.101123
5, 28.57, 0.101123
6, 34.29, 0.101123
7, 40.00, 0.101123
8, 45.71, 0.101123
9, 51.43, 0.162538
10, 57.14, 0.162538
11, 62.86, 0.162538
12, 68.57, 0.162538
13, 74.29, 0.162538
14, 80.00, 0.162538
15, 85.71, 0.231806
16, 91.43, 0.231806
17, 97.14, 0.231806
18, 102.86, 0.231806
19, 108.57, 0.231806
20, 114.29, 0.231806
21, 120.00, 0.306746
22, 125.71, 0.306746
23, 131.43, 0.306746
24, 137.14, 0.306746
25, 142.86, 0.306746
26, 148.57, 0.306746
27, 154.29, 0.370887
28, 160.00, 0.370887
29, 165.71, 0.370887
30, 171.43, 0.370887
31, 177.14, 0.370887
32, 182.86, 0.370887
33, 188.57, 0.370887
34, 194.29, 0.432497
35, 200.00, 0.432497
36, 205.71, 0.432497
37, 211.43, 0.432497
38, 217.14, 0.432497
39, 222.86, 0.432497
40, 228.57, 0.497020
41, 234.29, 0.497020
42, 240.00, 0.497020
43, 245.71, 0.497020
44, 251.43, 0.497020
45, 257.14, 0.497020
46, 262.86, 0.551163
47, 268.57, 0.551163
48, 274.29, 0.551163
49, 280.00, 0.551163
50, 285.71, 0.551163
51, 291.43, 0.551163
52, 297.14, 0.602403
53, 302.86, 0.602403
54, 308.57, 0.602403
55, 314.29, 0.602403
56, 320.00, 0.602403
57, 325.71, 0.602403
58, 331.43, 0.602403
59, 337.14, 0.655699
60, 342.86, 0.655699
61, 348.57, 0.655699
62, 354.29, 0.655699
63, 360.00, 0.655699
64, 365.71, 0.655699
65, 371.43, 0.699834
66, 377.14, 0.699834
67, 382.86, 0.699834
68, 388.57, 0.699834
69, 394.29, 0.699834
70, 400.00, 0.699834
71, 405.71, 0.741637
72, 411.43, 0.741637
73, 417.14, 0.741637
74, 422.86, 0.741637
75, 428.57, 0.741637
76, 434.29, 0.741637
77, 440.00, 0.741637
78, 445.71, 0.784395
79, 451.43, 0.784395
80, 457.14, 0.784395
81, 462.86, 0.784395
82, 468.57, 0.784395
83, 474.29, 0.784395
84, 480.00, 0.820106
85, 485.71, 0.820106
86, 491.43, 0.820106
87, 497.14, 0.820106
88, 502.86, 0.820106
89, 508.57, 0.820106
90, 514.29, 0.853474
91, 520.00, 0.853474
92, 525.71, 0.853474
93, 531.43, 0.853474
94, 537.14, 0.853474
95, 542.86, 0.853474
96, 548.57, 0.853474
97, 554.29, 0.887531
98, 560.00, 0.887531
99, 565.71, 0.887531
100, 571.43, 0.887531
101, 577.14, 0.887531
102, 582.86, 0.887531
103, 588.57, 0.915515
104, 594.29, 0.915515
105, 600.00, 0.915515
106, 605.71, 0.915515
107, 611.43, 0.915515
108, 617.14, 0.915515
109, 622.86, 0.941200
110, 628.57, 0.941200
111, 634.29, 0.941200
112, 640.00, 0.941200
113, 645.71, 0.941200
114, 651.43, 0.941200
115, 657.14, 0.941200
116, 662.86, 0.967646
117, 668.57, 0.967646
118, 674.29, 0.967646
119, 680.00, 0.967646
120, 685.71, 0.967646
121, 691.43, 0.967646
122, 697.14, 0.989754
123, 702.86, 0.989754
124, 708.57, 0.989754
125, 714.29, 0.989754
126, 720.00, 0.989754
127, 725.71, 0.989754

RL并联数据，第二组：
Index, Time(ms), AIN1_AC_Volt
0, 0.00, 0.089896
1, 5.71, 0.089896
2, 11.43, 0.089896
3, 17.14, 0.089896
4, 22.86, 0.089896
5, 28.57, 0.126797
6, 34.29, 0.126797
7, 40.00, 0.126797
8, 45.71, 0.126797
9, 51.43, 0.126797
10, 57.14, 0.126797
11, 62.86, 0.126797
12, 68.57, 0.200146
13, 74.29, 0.200146
14, 80.00, 0.200146
15, 85.71, 0.200146
16, 91.43, 0.200146
17, 97.14, 0.200146
18, 102.86, 0.267959
19, 108.57, 0.267959
20, 114.29, 0.267959
21, 120.00, 0.267959
22, 125.71, 0.267959
23, 131.43, 0.267959
24, 137.14, 0.334114
25, 142.86, 0.334114
26, 148.57, 0.334114
27, 154.29, 0.334114
28, 160.00, 0.334114
29, 165.71, 0.334114
30, 171.43, 0.334114
31, 177.14, 0.404719
32, 182.86, 0.404719
33, 188.57, 0.404719
34, 194.29, 0.404719
35, 200.00, 0.404719
36, 205.71, 0.404719
37, 211.43, 0.465346
38, 217.14, 0.465346
39, 222.86, 0.465346
40, 228.57, 0.465346
41, 234.29, 0.465346
42, 240.00, 0.465346
43, 245.71, 0.523858
44, 251.43, 0.523858
45, 257.14, 0.523858
46, 262.86, 0.523858
47, 268.57, 0.523858
48, 274.29, 0.523858
49, 280.00, 0.523858
50, 285.71, 0.585688
51, 291.43, 0.585688
52, 297.14, 0.585688
53, 302.86, 0.585688
54, 308.57, 0.585688
55, 314.29, 0.585688
56, 320.00, 0.637970
57, 325.71, 0.637970
58, 331.43, 0.637970
59, 337.14, 0.637970
60, 342.86, 0.637970
61, 348.57, 0.637970
62, 354.29, 0.687991
63, 360.00, 0.687991
64, 365.71, 0.687991
65, 371.43, 0.687991
66, 377.14, 0.687991
67, 382.86, 0.687991
68, 388.57, 0.687991
69, 394.29, 0.739933
70, 400.00, 0.739933
71, 405.71, 0.739933
72, 411.43, 0.739933
73, 417.14, 0.739933
74, 422.86, 0.739933
75, 428.57, 0.784072
76, 434.29, 0.784072
77, 440.00, 0.784072
78, 445.71, 0.784072
79, 451.43, 0.784072
80, 457.14, 0.784072
81, 462.86, 0.826259
82, 468.57, 0.826259
83, 474.29, 0.826259
84, 480.00, 0.826259
85, 485.71, 0.826259
86, 491.43, 0.826259
87, 497.14, 0.869717
88, 502.86, 0.869717
89, 508.57, 0.869717
90, 514.29, 0.869717
91, 520.00, 0.869717
92, 525.71, 0.869717
93, 531.43, 0.869717
94, 537.14, 0.906705
95, 542.86, 0.906705
96, 548.57, 0.906705
97, 554.29, 0.906705
98, 560.00, 0.906705
99, 565.71, 0.906705
100, 571.43, 0.941369
101, 577.14, 0.941369
102, 582.86, 0.941369
103, 588.57, 0.941369
104, 594.29, 0.941369
105, 600.00, 0.941369
106, 605.71, 0.977350
107, 611.43, 0.977350
108, 617.14, 0.977350
109, 622.86, 0.977350
110, 628.57, 0.977350
111, 634.29, 0.977350
112, 640.00, 0.977350
113, 645.71, 1.007305
114, 651.43, 1.007305
115, 657.14, 1.007305
116, 662.86, 1.007305
117, 668.57, 1.007305
118, 674.29, 1.007305
119, 680.00, 1.035767
120, 685.71, 1.035767
121, 691.43, 1.035767
122, 697.14, 1.035767
123, 702.86, 1.035767
124, 708.57, 1.035767
125, 714.29, 1.064958
126, 720.00, 1.064958
127, 725.71, 1.064958

LC并联数据，第一组：
Index, Time(ms), AIN1_AC_Volt
0, 0.00, 0.146197
1, 5.71, 0.146197
2, 11.43, 0.146197
3, 17.14, 0.146197
4, 22.86, 0.146197
5, 28.57, 0.224380
6, 34.29, 0.224380
7, 40.00, 0.224380
8, 45.71, 0.224380
9, 51.43, 0.224380
10, 57.14, 0.224380
11, 62.86, 0.392509
12, 68.57, 0.392509
13, 74.29, 0.392509
14, 80.00, 0.392509
15, 85.71, 0.392509
16, 91.43, 0.392509
17, 97.14, 0.614025
18, 102.86, 0.614025
19, 108.57, 0.614025
20, 114.29, 0.614025
21, 120.00, 0.614025
22, 125.71, 0.614025
23, 131.43, 0.614025
24, 137.14, 0.930499
25, 142.86, 0.930499
26, 148.57, 0.930499
27, 154.29, 0.930499
28, 160.00, 0.930499
29, 165.71, 0.930499
30, 171.43, 1.098992
31, 177.14, 1.098992
32, 182.86, 1.098992
33, 188.57, 1.098992
34, 194.29, 1.098992
35, 200.00, 1.098992
36, 205.71, 1.021824
37, 211.43, 1.021824
38, 217.14, 1.021824
39, 222.86, 1.021824
40, 228.57, 1.021824
41, 234.29, 1.021824
42, 240.00, 1.021824
43, 245.71, 0.846037
44, 251.43, 0.846037
45, 257.14, 0.846037
46, 262.86, 0.846037
47, 268.57, 0.846037
48, 274.29, 0.846037
49, 280.00, 0.710093
50, 285.71, 0.710093
51, 291.43, 0.710093
52, 297.14, 0.710093
53, 302.86, 0.710093
54, 308.57, 0.710093
55, 314.29, 0.603427
56, 320.00, 0.603427
57, 325.71, 0.603427
58, 331.43, 0.603427
59, 337.14, 0.603427
60, 342.86, 0.603427
61, 348.57, 0.603427
62, 354.29, 0.516255
63, 360.00, 0.516255
64, 365.71, 0.516255
65, 371.43, 0.516255
66, 377.14, 0.516255
67, 382.86, 0.516255
68, 388.57, 0.456996
69, 394.29, 0.456996
70, 400.00, 0.456996
71, 405.71, 0.456996
72, 411.43, 0.456996
73, 417.14, 0.456996
74, 422.86, 0.409951
75, 428.57, 0.409951
76, 434.29, 0.409951
77, 440.00, 0.409951
78, 445.71, 0.409951
79, 451.43, 0.409951
80, 457.14, 0.409951
81, 462.86, 0.368767
82, 468.57, 0.368767
83, 474.29, 0.368767
84, 480.00, 0.368767
85, 485.71, 0.368767
86, 491.43, 0.368767
87, 497.14, 0.338239
88, 502.86, 0.338239
89, 508.57, 0.338239
90, 514.29, 0.338239
91, 520.00, 0.338239
92, 525.71, 0.338239
93, 531.43, 0.312370
94, 537.14, 0.312370
95, 542.86, 0.312370
96, 548.57, 0.312370
97, 554.29, 0.312370
98, 560.00, 0.312370
99, 565.71, 0.312370
100, 571.43, 0.288261
101, 577.14, 0.288261
102, 582.86, 0.288261
103, 588.57, 0.288261
104, 594.29, 0.288261
105, 600.00, 0.288261
106, 605.71, 0.269475
107, 611.43, 0.269475
108, 617.14, 0.269475
109, 622.86, 0.269475
110, 628.57, 0.269475
111, 634.29, 0.269475
112, 640.00, 0.252972
113, 645.71, 0.252972
114, 651.43, 0.252972
115, 657.14, 0.252972
116, 662.86, 0.252972
117, 668.57, 0.252972
118, 674.29, 0.252972
119, 680.00, 0.236964
120, 685.71, 0.236964
121, 691.43, 0.236964
122, 697.14, 0.236964
123, 702.86, 0.236964
124, 708.57, 0.236964
125, 714.29, 0.224249
126, 720.00, 0.224249
127, 725.71, 0.224249

LC并联数据，第二组：
Index, Time(ms), AIN1_AC_Volt
0, 0.00, 0.085477
1, 5.71, 0.085477
2, 11.43, 0.085477
3, 17.14, 0.085477
4, 22.86, 0.085477
5, 28.57, 0.124939
6, 34.29, 0.124939
7, 40.00, 0.124939
8, 45.71, 0.124939
9, 51.43, 0.124939
10, 57.14, 0.124939
11, 62.86, 0.204083
12, 68.57, 0.204083
13, 74.29, 0.204083
14, 80.00, 0.204083
15, 85.71, 0.204083
16, 91.43, 0.204083
17, 97.14, 0.204083
18, 102.86, 0.314821
19, 108.57, 0.314821
20, 114.29, 0.314821
21, 120.00, 0.314821
22, 125.71, 0.314821
23, 131.43, 0.314821
24, 137.14, 0.438693
25, 142.86, 0.438693
26, 148.57, 0.438693
27, 154.29, 0.438693
28, 160.00, 0.438693
29, 165.71, 0.438693
30, 171.43, 0.607662
31, 177.14, 0.607662
32, 182.86, 0.607662
33, 188.57, 0.607662
34, 194.29, 0.607662
35, 200.00, 0.607662
36, 205.71, 0.607662
37, 211.43, 0.846601
38, 217.14, 0.846601
39, 222.86, 0.846601
40, 228.57, 0.846601
41, 234.29, 0.846601
42, 240.00, 0.846601
43, 245.71, 0.978576
44, 251.43, 0.978576
45, 257.14, 0.978576
46, 262.86, 0.978576
47, 268.57, 0.978576
48, 274.29, 0.978576
49, 280.00, 0.915539
50, 285.71, 0.915539
51, 291.43, 0.915539
52, 297.14, 0.915539
53, 302.86, 0.915539
54, 308.57, 0.915539
55, 314.29, 0.915539
56, 320.00, 0.767087
57, 325.71, 0.767087
58, 331.43, 0.767087
59, 337.14, 0.767087
60, 342.86, 0.767087
61, 348.57, 0.767087
62, 354.29, 0.644155
63, 360.00, 0.644155
64, 365.71, 0.644155
65, 371.43, 0.644155
66, 377.14, 0.644155
67, 382.86, 0.644155
68, 388.57, 0.547509
69, 394.29, 0.547509
70, 400.00, 0.547509
71, 405.71, 0.547509
72, 411.43, 0.547509
73, 417.14, 0.547509
74, 422.86, 0.547509
75, 428.57, 0.468274
76, 434.29, 0.468274
77, 440.00, 0.468274
78, 445.71, 0.468274
79, 451.43, 0.468274
80, 457.14, 0.468274
81, 462.86, 0.413693
82, 468.57, 0.413693
83, 474.29, 0.413693
84, 480.00, 0.413693
85, 485.71, 0.413693
86, 491.43, 0.413693
87, 497.14, 0.370636
88, 502.86, 0.370636
89, 508.57, 0.370636
90, 514.29, 0.370636
91, 520.00, 0.370636
92, 525.71, 0.370636
93, 531.43, 0.370636
94, 537.14, 0.332932
95, 542.86, 0.332932
96, 548.57, 0.332932
97, 554.29, 0.332932
98, 560.00, 0.332932
99, 565.71, 0.332932
100, 571.43, 0.305169
101, 577.14, 0.305169
102, 582.86, 0.305169
103, 588.57, 0.305169
104, 594.29, 0.305169
105, 600.00, 0.305169
106, 605.71, 0.281597
107, 611.43, 0.281597
108, 617.14, 0.281597
109, 622.86, 0.281597
110, 628.57, 0.281597
111, 634.29, 0.281597
112, 640.00, 0.281597
113, 645.71, 0.259843
114, 651.43, 0.259843
115, 657.14, 0.259843
116, 662.86, 0.259843
117, 668.57, 0.259843
118, 674.29, 0.259843
119, 680.00, 0.243029
120, 685.71, 0.243029
121, 691.43, 0.243029
122, 697.14, 0.243029
123, 702.86, 0.243029
124, 708.57, 0.243029
125, 714.29, 0.228203
126, 720.00, 0.228203
127, 725.71, 0.228203

LC并联数据，第三组：
Index, Time(ms), AIN1_AC_Volt
0, 0.00, 0.143094
1, 5.71, 0.143094
2, 11.43, 0.143094
3, 17.14, 0.202194
4, 22.86, 0.202194
5, 28.57, 0.202194
6, 34.29, 0.202194
7, 40.00, 0.202194
8, 45.71, 0.202194
9, 51.43, 0.412134
10, 57.14, 0.412134
11, 62.86, 0.412134
12, 68.57, 0.412134
13, 74.29, 0.412134
14, 80.00, 0.412134
15, 85.71, 0.412134
16, 91.43, 0.708392
17, 97.14, 0.708392
18, 102.86, 0.708392
19, 108.57, 0.708392
20, 114.29, 0.708392
21, 120.00, 0.708392
22, 125.71, 0.595761
23, 131.43, 0.595761
24, 137.14, 0.595761
25, 142.86, 0.595761
26, 148.57, 0.595761
27, 154.29, 0.595761
28, 160.00, 0.417797
29, 165.71, 0.417797
30, 171.43, 0.417797
31, 177.14, 0.417797
32, 182.86, 0.417797
33, 188.57, 0.417797
34, 194.29, 0.417797
35, 200.00, 0.314656
36, 205.71, 0.314656
37, 211.43, 0.314656
38, 217.14, 0.314656
39, 222.86, 0.314656
40, 228.57, 0.314656
41, 234.29, 0.247920
42, 240.00, 0.247920
43, 245.71, 0.247920
44, 251.43, 0.247920
45, 257.14, 0.247920
46, 262.86, 0.247920
47, 268.57, 0.208063
48, 274.29, 0.208063
49, 280.00, 0.208063
50, 285.71, 0.208063
51, 291.43, 0.208063
52, 297.14, 0.208063
53, 302.86, 0.208063
54, 308.57, 0.179221
55, 314.29, 0.179221
56, 320.00, 0.179221
57, 325.71, 0.179221
58, 331.43, 0.179221
59, 337.14, 0.179221
60, 342.86, 0.155336
61, 348.57, 0.155336
62, 354.29, 0.155336
63, 360.00, 0.155336
64, 365.71, 0.155336
65, 371.43, 0.155336
66, 377.14, 0.138357
67, 382.86, 0.138357
68, 388.57, 0.138357
69, 394.29, 0.138357
70, 400.00, 0.138357
71, 405.71, 0.138357
72, 411.43, 0.138357
73, 417.14, 0.124248
74, 422.86, 0.124248
75, 428.57, 0.124248
76, 434.29, 0.124248
77, 440.00, 0.124248
78, 445.71, 0.124248
79, 451.43, 0.110864
80, 457.14, 0.110864
81, 462.86, 0.110864
82, 468.57, 0.110864
83, 474.29, 0.110864
84, 480.00, 0.110864
85, 485.71, 0.100672
86, 491.43, 0.100672
87, 497.14, 0.100672
88, 502.86, 0.100672
89, 508.57, 0.100672
90, 514.29, 0.100672
91, 520.00, 0.100672
92, 525.71, 0.091529
93, 531.43, 0.091529
94, 537.14, 0.091529
95, 542.86, 0.091529
96, 548.57, 0.091529
97, 554.29, 0.091529
98, 560.00, 0.082330
99, 565.71, 0.082330
100, 571.43, 0.082330
101, 577.14, 0.082330
102, 582.86, 0.082330
103, 588.57, 0.082330
104, 594.29, 0.082330
105, 600.00, 0.074767
106, 605.71, 0.074767
107, 611.43, 0.074767
108, 617.14, 0.074767
109, 622.86, 0.074767
110, 628.57, 0.074767
111, 634.29, 0.067580
112, 640.00, 0.067580
113, 645.71, 0.067580
114, 651.43, 0.067580
115, 657.14, 0.067580
116, 662.86, 0.067580
117, 668.57, 0.059896
118, 674.29, 0.059896
119, 680.00, 0.059896
120, 685.71, 0.059896
121, 691.43, 0.059896
122, 697.14, 0.059896
123, 702.86, 0.059896
124, 708.57, 0.053053
125, 714.29, 0.053053
126, 720.00, 0.053053
127, 725.71, 0.053053

LC并联数据，第四组：
Index, Time(ms), AIN1_AC_Volt
0, 0.00, 0.086282
1, 5.71, 0.086282
2, 11.43, 0.086282
3, 17.14, 0.086282
4, 22.86, 0.121347
5, 28.57, 0.121347
6, 34.29, 0.121347
7, 40.00, 0.121347
8, 45.71, 0.121347
9, 51.43, 0.121347
10, 57.14, 0.216552
11, 62.86, 0.216552
12, 68.57, 0.216552
13, 74.29, 0.216552
14, 80.00, 0.216552
15, 85.71, 0.216552
16, 91.43, 0.372387
17, 97.14, 0.372387
18, 102.86, 0.372387
19, 108.57, 0.372387
20, 114.29, 0.372387
21, 120.00, 0.372387
22, 125.71, 0.372387
23, 131.43, 0.611898
24, 137.14, 0.611898
25, 142.86, 0.611898
26, 148.57, 0.611898
27, 154.29, 0.611898
28, 160.00, 0.611898
29, 165.71, 0.567384
30, 171.43, 0.567384
31, 177.14, 0.567384
32, 182.86, 0.567384
33, 188.57, 0.567384
34, 194.29, 0.567384
35, 200.00, 0.413354
36, 205.71, 0.413354
37, 211.43, 0.413354
38, 217.14, 0.413354
39, 222.86, 0.413354
40, 228.57, 0.413354
41, 234.29, 0.413354
42, 240.00, 0.303997
43, 245.71, 0.303997
44, 251.43, 0.303997
45, 257.14, 0.303997
46, 262.86, 0.303997
47, 268.57, 0.303997
48, 274.29, 0.244677
49, 280.00, 0.244677
50, 285.71, 0.244677
51, 291.43, 0.244677
52, 297.14, 0.244677
53, 302.86, 0.244677
54, 308.57, 0.204747
55, 314.29, 0.204747
56, 320.00, 0.204747
57, 325.71, 0.204747
58, 331.43, 0.204747
59, 337.14, 0.204747
60, 342.86, 0.204747
61, 348.57, 0.173424
62, 354.29, 0.173424
63, 360.00, 0.173424
64, 365.71, 0.173424
65, 371.43, 0.173424
66, 377.14, 0.173424
67, 382.86, 0.152099
68, 388.57, 0.152099
69, 394.29, 0.152099
70, 400.00, 0.152099
71, 405.71, 0.152099
72, 411.43, 0.152099
73, 417.14, 0.134935
74, 422.86, 0.134935
75, 428.57, 0.134935
76, 434.29, 0.134935
77, 440.00, 0.134935
78, 445.71, 0.134935
79, 451.43, 0.134935
80, 457.14, 0.119639
81, 462.86, 0.119639
82, 468.57, 0.119639
83, 474.29, 0.119639
84, 480.00, 0.119639
85, 485.71, 0.119639
86, 491.43, 0.107906
87, 497.14, 0.107906
88, 502.86, 0.107906
89, 508.57, 0.107906
90, 514.29, 0.107906
91, 520.00, 0.107906
92, 525.71, 0.097692
93, 531.43, 0.097692
94, 537.14, 0.097692
95, 542.86, 0.097692
96, 548.57, 0.097692
97, 554.29, 0.097692
98, 560.00, 0.097692
99, 565.71, 0.087786
100, 571.43, 0.087786
101, 577.14, 0.087786
102, 582.86, 0.087786
103, 588.57, 0.087786
104, 594.29, 0.087786
105, 600.00, 0.079635
106, 605.71, 0.079635
107, 611.43, 0.079635
108, 617.14, 0.079635
109, 622.86, 0.079635
110, 628.57, 0.079635
111, 634.29, 0.072030
112, 640.00, 0.072030
113, 645.71, 0.072030
114, 651.43, 0.072030
115, 657.14, 0.072030
116, 662.86, 0.072030
117, 668.57, 0.072030
118, 674.29, 0.064014
119, 680.00, 0.064014
120, 685.71, 0.064014
121, 691.43, 0.064014
122, 697.14, 0.064014
123, 702.86, 0.064014
124, 708.57, 0.057154
125, 714.29, 0.057154
126, 720.00, 0.057154
127, 725.71, 0.057154

RLC并联数据，第一组：
Index, Time(ms), AIN1_AC_Volt
0, 0.00, 0.082250
1, 5.71, 0.082250
2, 11.43, 0.082250
3, 17.14, 0.108852
4, 22.86, 0.108852
5, 28.57, 0.108852
6, 34.29, 0.108852
7, 40.00, 0.108852
8, 45.71, 0.108852
9, 51.43, 0.185888
10, 57.14, 0.185888
11, 62.86, 0.185888
12, 68.57, 0.185888
13, 74.29, 0.185888
14, 80.00, 0.185888
15, 85.71, 0.185888
16, 91.43, 0.297827
17, 97.14, 0.297827
18, 102.86, 0.297827
19, 108.57, 0.297827
20, 114.29, 0.297827
21, 120.00, 0.297827
22, 125.71, 0.419705
23, 131.43, 0.419705
24, 137.14, 0.419705
25, 142.86, 0.419705
26, 148.57, 0.419705
27, 154.29, 0.419705
28, 160.00, 0.578730
29, 165.71, 0.578730
30, 171.43, 0.578730
31, 177.14, 0.578730
32, 182.86, 0.578730
33, 188.57, 0.578730
34, 194.29, 0.578730
35, 200.00, 0.786145
36, 205.71, 0.786145
37, 211.43, 0.786145
38, 217.14, 0.786145
39, 222.86, 0.786145
40, 228.57, 0.786145
41, 234.29, 0.900931
42, 240.00, 0.900931
43, 245.71, 0.900931
44, 251.43, 0.900931
45, 257.14, 0.900931
46, 262.86, 0.900931
47, 268.57, 0.862425
48, 274.29, 0.862425
49, 280.00, 0.862425
50, 285.71, 0.862425
51, 291.43, 0.862425
52, 297.14, 0.862425
53, 302.86, 0.862425
54, 308.57, 0.742077
55, 314.29, 0.742077
56, 320.00, 0.742077
57, 325.71, 0.742077
58, 331.43, 0.742077
59, 337.14, 0.742077
60, 342.86, 0.632425
61, 348.57, 0.632425
62, 354.29, 0.632425
63, 360.00, 0.632425
64, 365.71, 0.632425
65, 371.43, 0.632425
66, 377.14, 0.543450
67, 382.86, 0.543450
68, 388.57, 0.543450
69, 394.29, 0.543450
70, 400.00, 0.543450
71, 405.71, 0.543450
72, 411.43, 0.543450
73, 417.14, 0.467968
74, 422.86, 0.467968
75, 428.57, 0.467968
76, 434.29, 0.467968
77, 440.00, 0.467968
78, 445.71, 0.467968
79, 451.43, 0.415851
80, 457.14, 0.415851
81, 462.86, 0.415851
82, 468.57, 0.415851
83, 474.29, 0.415851
84, 480.00, 0.415851
85, 485.71, 0.373999
86, 491.43, 0.373999
87, 497.14, 0.373999
88, 502.86, 0.373999
89, 508.57, 0.373999
90, 514.29, 0.373999
91, 520.00, 0.373999
92, 525.71, 0.336620
93, 531.43, 0.336620
94, 537.14, 0.336620
95, 542.86, 0.336620
96, 548.57, 0.336620
97, 554.29, 0.336620
98, 560.00, 0.309138
99, 565.71, 0.309138
100, 571.43, 0.309138
101, 577.14, 0.309138
102, 582.86, 0.309138
103, 588.57, 0.309138
104, 594.29, 0.285862
105, 600.00, 0.285862
106, 605.71, 0.285862
107, 611.43, 0.285862
108, 617.14, 0.285862
109, 622.86, 0.285862
110, 628.57, 0.285862
111, 634.29, 0.263979
112, 640.00, 0.263979
113, 645.71, 0.263979
114, 651.43, 0.263979
115, 657.14, 0.263979
116, 662.86, 0.263979
117, 668.57, 0.247105
118, 674.29, 0.247105
119, 680.00, 0.247105
120, 685.71, 0.247105
121, 691.43, 0.247105
122, 697.14, 0.247105
123, 702.86, 0.232187
124, 708.57, 0.232187
125, 714.29, 0.232187
126, 720.00, 0.232187
127, 725.71, 0.232187

RLC并联数据，第二组：
Index, Time(ms), AIN1_AC_Volt
0, 0.00, 0.148079
1, 5.71, 0.148079
2, 11.43, 0.169406
3, 17.14, 0.169406
4, 22.86, 0.169406
5, 28.57, 0.169406
6, 34.29, 0.169406
7, 40.00, 0.169406
8, 45.71, 0.347126
9, 51.43, 0.347126
10, 57.14, 0.347126
11, 62.86, 0.347126
12, 68.57, 0.347126
13, 74.29, 0.347126
14, 80.00, 0.629124
15, 85.71, 0.629124
16, 91.43, 0.629124
17, 97.14, 0.629124
18, 102.86, 0.629124
19, 108.57, 0.629124
20, 114.29, 0.629124
21, 120.00, 0.610009
22, 125.71, 0.610009
23, 131.43, 0.610009
24, 137.14, 0.610009
25, 142.86, 0.610009
26, 148.57, 0.610009
27, 154.29, 0.435414
28, 160.00, 0.435414
29, 165.71, 0.435414
30, 171.43, 0.435414
31, 177.14, 0.435414
32, 182.86, 0.435414
33, 188.57, 0.325908
34, 194.29, 0.325908
35, 200.00, 0.325908
36, 205.71, 0.325908
37, 211.43, 0.325908
38, 217.14, 0.325908
39, 222.86, 0.325908
40, 228.57, 0.254743
41, 234.29, 0.254743
42, 240.00, 0.254743
43, 245.71, 0.254743
44, 251.43, 0.254743
45, 257.14, 0.254743
46, 262.86, 0.213135
47, 268.57, 0.213135
48, 274.29, 0.213135
49, 280.00, 0.213135
50, 285.71, 0.213135
51, 291.43, 0.213135
52, 297.14, 0.183135
53, 302.86, 0.183135
54, 308.57, 0.183135
55, 314.29, 0.183135
56, 320.00, 0.183135
57, 325.71, 0.183135
58, 331.43, 0.183135
59, 337.14, 0.158197
60, 342.86, 0.158197
61, 348.57, 0.158197
62, 354.29, 0.158197
63, 360.00, 0.158197
64, 365.71, 0.158197
65, 371.43, 0.140497
66, 377.14, 0.140497
67, 382.86, 0.140497
68, 388.57, 0.140497
69, 394.29, 0.140497
70, 400.00, 0.140497
71, 405.71, 0.125869
72, 411.43, 0.125869
73, 417.14, 0.125869
74, 422.86, 0.125869
75, 428.57, 0.125869
76, 434.29, 0.125869
77, 440.00, 0.125869
78, 445.71, 0.112215
79, 451.43, 0.112215
80, 457.14, 0.112215
81, 462.86, 0.112215
82, 468.57, 0.112215
83, 474.29, 0.112215
84, 480.00, 0.101612
85, 485.71, 0.101612
86, 491.43, 0.101612
87, 497.14, 0.101612
88, 502.86, 0.101612
89, 508.57, 0.101612
90, 514.29, 0.092264
91, 520.00, 0.092264
92, 525.71, 0.092264
93, 531.43, 0.092264
94, 537.14, 0.092264
95, 542.86, 0.092264
96, 548.57, 0.092264
97, 554.29, 0.082969
98, 560.00, 0.082969
99, 565.71, 0.082969
100, 571.43, 0.082969
101, 577.14, 0.082969
102, 582.86, 0.082969
103, 588.57, 0.075250
104, 594.29, 0.075250
105, 600.00, 0.075250
106, 605.71, 0.075250
107, 611.43, 0.075250
108, 617.14, 0.075250
109, 622.86, 0.067960
110, 628.57, 0.067960
111, 634.29, 0.067960
112, 640.00, 0.067960
113, 645.71, 0.067960
114, 651.43, 0.067960
115, 657.14, 0.067960
116, 662.86, 0.060195
117, 668.57, 0.060195
118, 674.29, 0.060195
119, 680.00, 0.060195
120, 685.71, 0.060195
121, 691.43, 0.060195
122, 697.14, 0.053225
123, 702.86, 0.053225
124, 708.57, 0.053225
125, 714.29, 0.053225
126, 720.00, 0.053225
127, 725.71, 0.053225

RLC并联数据，第三组：
Index, Time(ms), AIN1_AC_Volt
0, 0.00, 0.142713
1, 5.71, 0.142713
2, 11.43, 0.142713
3, 17.14, 0.142713
4, 22.86, 0.142713
5, 28.57, 0.248044
6, 34.29, 0.248044
7, 40.00, 0.248044
8, 45.71, 0.248044
9, 51.43, 0.248044
10, 57.14, 0.248044
11, 62.86, 0.496658
12, 68.57, 0.496658
13, 74.29, 0.496658
14, 80.00, 0.496658
15, 85.71, 0.496658
16, 91.43, 0.496658
17, 97.14, 0.732817
18, 102.86, 0.732817
19, 108.57, 0.732817
20, 114.29, 0.732817
21, 120.00, 0.732817
22, 125.71, 0.732817
23, 131.43, 0.732817
24, 137.14, 0.542391
25, 142.86, 0.542391
26, 148.57, 0.542391
27, 154.29, 0.542391
28, 160.00, 0.542391
29, 165.71, 0.542391
30, 171.43, 0.386161
31, 177.14, 0.386161
32, 182.86, 0.386161
33, 188.57, 0.386161
34, 194.29, 0.386161
35, 200.00, 0.386161
36, 205.71, 0.296533
37, 211.43, 0.296533
38, 217.14, 0.296533
39, 222.86, 0.296533
40, 228.57, 0.296533
41, 234.29, 0.296533
42, 240.00, 0.296533
43, 245.71, 0.236266
44, 251.43, 0.236266
45, 257.14, 0.236266
46, 262.86, 0.236266
47, 268.57, 0.236266
48, 274.29, 0.236266
49, 280.00, 0.199789
50, 285.71, 0.199789
51, 291.43, 0.199789
52, 297.14, 0.199789
53, 302.86, 0.199789
54, 308.57, 0.199789
55, 314.29, 0.172819
56, 320.00, 0.172819
57, 325.71, 0.172819
58, 331.43, 0.172819
59, 337.14, 0.172819
60, 342.86, 0.172819
61, 348.57, 0.172819
62, 354.29, 0.150168
63, 360.00, 0.150168
64, 365.71, 0.150168
65, 371.43, 0.150168
66, 377.14, 0.150168
67, 382.86, 0.150168
68, 388.57, 0.133870
69, 394.29, 0.133870
70, 400.00, 0.133870
71, 405.71, 0.133870
72, 411.43, 0.133870
73, 417.14, 0.133870
74, 422.86, 0.133870
75, 428.57, 0.120156
76, 434.29, 0.120156
77, 440.00, 0.120156
78, 445.71, 0.120156
79, 451.43, 0.120156
80, 457.14, 0.120156
81, 462.86, 0.107380
82, 468.57, 0.107380
83, 474.29, 0.107380
84, 480.00, 0.107380
85, 485.71, 0.107380
86, 491.43, 0.107380
87, 497.14, 0.097367
88, 502.86, 0.097367
89, 508.57, 0.097367
90, 514.29, 0.097367
91, 520.00, 0.097367
92, 525.71, 0.097367
93, 531.43, 0.097367
94, 537.14, 0.088399
95, 542.86, 0.088399
96, 548.57, 0.088399
97, 554.29, 0.088399
98, 560.00, 0.088399
99, 565.71, 0.088399
100, 571.43, 0.079324
101, 577.14, 0.079324
102, 582.86, 0.079324
103, 588.57, 0.079324
104, 594.29, 0.079324
105, 600.00, 0.079324
106, 605.71, 0.079324
107, 611.43, 0.071808
108, 617.14, 0.071808
109, 622.86, 0.071808
110, 628.57, 0.071808
111, 634.29, 0.071808
112, 640.00, 0.071808
113, 645.71, 0.064612
114, 651.43, 0.064612
115, 657.14, 0.064612
116, 662.86, 0.064612
117, 668.57, 0.064612
118, 674.29, 0.064612
119, 680.00, 0.056904
120, 685.71, 0.056904
121, 691.43, 0.056904
122, 697.14, 0.056904
123, 702.86, 0.056904
124, 708.57, 0.056904
125, 714.29, 0.056904
126, 720.00, 0.049804
127, 725.71, 0.049804