实际为LC并联，判断为了RLC并联
Index, Time(ms), AIN1_AC_Volt
0, 0.00, 0.086363
1, 5.71, 0.093330
2, 11.43, 0.093330
3, 17.14, 0.093330
4, 22.86, 0.093330
5, 28.57, 0.093330
6, 34.29, 0.093330
7, 40.00, 0.093330
8, 45.71, 0.093330
9, 51.43, 0.135083
10, 57.14, 0.135083
11, 62.86, 0.135083
12, 68.57, 0.135083
13, 74.29, 0.135083
14, 80.00, 0.135083
15, 85.71, 0.135083
16, 91.43, 0.178664
17, 97.14, 0.178664
18, 102.86, 0.178664
19, 108.57, 0.178664
20, 114.29, 0.178664
21, 120.00, 0.178664
22, 125.71, 0.178664
23, 131.43, 0.230390
24, 137.14, 0.230390
25, 142.86, 0.230390
26, 148.57, 0.230390
27, 154.29, 0.230390
28, 160.00, 0.230390
29, 165.71, 0.230390
30, 171.43, 0.294391
31, 177.14, 0.294391
32, 182.86, 0.294391
33, 188.57, 0.294391
34, 194.29, 0.294391
35, 200.00, 0.294391
36, 205.71, 0.294391
37, 211.43, 0.360896
38, 217.14, 0.360896
39, 222.86, 0.360896
40, 228.57, 0.360896
41, 234.29, 0.360896
42, 240.00, 0.360896
43, 245.71, 0.360896
44, 251.43, 0.439079
45, 257.14, 0.439079
46, 262.86, 0.439079
47, 268.57, 0.439079
48, 274.29, 0.439079
49, 280.00, 0.439079
50, 285.71, 0.439079
51, 291.43, 0.439079
52, 297.14, 0.541585
53, 302.86, 0.541585
54, 308.57, 0.541585
55, 314.29, 0.541585
56, 320.00, 0.541585
57, 325.71, 0.541585
58, 331.43, 0.541585
59, 337.14, 0.652845
60, 342.86, 0.652845
61, 348.57, 0.652845
62, 354.29, 0.652845
63, 360.00, 0.652845
64, 365.71, 0.652845
65, 371.43, 0.652845
66, 377.14, 0.779088
67, 382.86, 0.779088
68, 388.57, 0.779088
69, 394.29, 0.779088
70, 400.00, 0.779088
71, 405.71, 0.779088
72, 411.43, 0.779088
73, 417.14, 0.779088
74, 422.86, 0.916390
75, 428.57, 0.916390
76, 434.29, 0.916390
77, 440.00, 0.916390
78, 445.71, 0.916390
79, 451.43, 0.916390
80, 457.14, 0.916390
81, 462.86, 0.999942
82, 468.57, 0.999942
83, 474.29, 0.999942
84, 480.00, 0.999942
85, 485.71, 0.999942
86, 491.43, 0.999942
87, 497.14, 0.999942
88, 502.86, 1.018442
89, 508.57, 1.018442
90, 514.29, 1.018442
91, 520.00, 1.018442
92, 525.71, 1.018442
93, 531.43, 1.018442
94, 537.14, 1.018442
95, 542.86, 0.971742
96, 548.57, 0.971742
97, 554.29, 0.971742
98, 560.00, 0.971742
99, 565.71, 0.971742
100, 571.43, 0.971742
101, 577.14, 0.971742
102, 582.86, 0.898744
103, 588.57, 0.898744
104, 594.29, 0.898744
105, 600.00, 0.898744
106, 605.71, 0.898744
107, 611.43, 0.898744
108, 617.14, 0.898744
109, 622.86, 0.819518
110, 628.57, 0.819518
111, 634.29, 0.819518
112, 640.00, 0.819518
113, 645.71, 0.819518
114, 651.43, 0.819518
115, 657.14, 0.819518
116, 662.86, 0.819518
117, 668.57, 0.736383
118, 674.29, 0.736383
119, 680.00, 0.736383
120, 685.71, 0.736383
121, 691.43, 0.736383
122, 697.14, 0.736383
123, 702.86, 0.736383
124, 708.57, 0.668740
125, 714.29, 0.668740
126, 720.00, 0.668740
127, 725.71, 0.668740
128, 731.43, 0.668740
129, 737.14, 0.668740
130, 742.86, 0.668740
131, 748.57, 0.609880
132, 754.29, 0.609880
133, 760.00, 0.609880
134, 765.71, 0.609880
135, 771.43, 0.609880
136, 777.14, 0.609880
137, 782.86, 0.609880
138, 788.57, 0.609880
139, 794.29, 0.554748
140, 800.00, 0.554748
141, 805.71, 0.554748
142, 811.43, 0.554748
143, 817.14, 0.554748
144, 822.86, 0.554748
145, 828.57, 0.554748
146, 834.29, 0.512494
147, 840.00, 0.512494
148, 845.71, 0.512494
149, 851.43, 0.512494
150, 857.14, 0.512494
151, 862.86, 0.512494
152, 868.57, 0.512494
153, 874.29, 0.475814
154, 880.00, 0.475814
155, 885.71, 0.475814
156, 891.43, 0.475814
157, 897.14, 0.475814
158, 902.86, 0.475814
159, 908.57, 0.475814
160, 914.29, 0.441260
161, 920.00, 0.441260
162, 925.71, 0.441260
163, 931.43, 0.441260
164, 937.14, 0.441260
165, 942.86, 0.441260
166, 948.57, 0.441260
167, 954.29, 0.414014
168, 960.00, 0.414014
169, 965.71, 0.414014
170, 971.43, 0.414014
171, 977.14, 0.414014
172, 982.86, 0.414014
173, 988.57, 0.414014
174, 994.29, 0.390047
175, 1000.00, 0.390047
176, 1005.71, 0.390047
177, 1011.43, 0.390047
178, 1017.14, 0.390047
179, 1022.86, 0.390047
180, 1028.57, 0.390047
181, 1034.29, 0.390047
182, 1040.00, 0.366799
183, 1045.71, 0.366799
184, 1051.43, 0.366799
185, 1057.14, 0.366799
186, 1062.86, 0.366799
187, 1068.57, 0.366799
188, 1074.29, 0.366799
189, 1080.00, 0.348186
190, 1085.71, 0.348186
191, 1091.43, 0.348186
192, 1097.14, 0.348186
193, 1102.86, 0.348186
194, 1108.57, 0.348186
195, 1114.29, 0.348186
196, 1120.00, 0.331344
197, 1125.71, 0.331344
198, 1131.43, 0.331344
199, 1137.14, 0.331344
200, 1142.86, 0.331344
201, 1148.57, 0.331344
202, 1154.29, 0.331344
203, 1160.00, 0.331344
204, 1165.71, 0.314722
205, 1171.43, 0.314722
206, 1177.14, 0.314722
207, 1182.86, 0.314722
208, 1188.57, 0.314722
209, 1194.29, 0.314722
210, 1200.00, 0.314722
211, 1205.71, 0.301100
212, 1211.43, 0.301100
213, 1217.14, 0.301100
214, 1222.86, 0.301100
215, 1228.57, 0.301100
216, 1234.29, 0.301100
217, 1240.00, 0.301100
218, 1245.71, 0.288538
219, 1251.43, 0.288538
220, 1257.14, 0.288538
221, 1262.86, 0.288538
222, 1268.57, 0.288538
223, 1274.29, 0.288538
224, 1280.00, 0.288538
225, 1285.71, 0.288538
226, 1291.43, 0.276020
227, 1297.14, 0.276020
228, 1302.86, 0.276020
229, 1308.57, 0.276020
230, 1314.29, 0.276020
231, 1320.00, 0.276020
232, 1325.71, 0.276020
233, 1331.43, 0.265641
234, 1337.14, 0.265641
235, 1342.86, 0.265641
236, 1348.57, 0.265641
237, 1354.29, 0.265641
238, 1360.00, 0.265641
239, 1365.71, 0.265641
240, 1371.43, 0.256074
241, 1377.14, 0.256074
242, 1382.86, 0.256074
243, 1388.57, 0.256074
244, 1394.29, 0.256074
245, 1400.00, 0.256074
246, 1405.71, 0.256074
247, 1411.43, 0.246226
248, 1417.14, 0.246226
249, 1422.86, 0.246226
250, 1428.57, 0.246226
251, 1434.29, 0.246226
252, 1440.00, 0.246226
253, 1445.71, 0.246226
254, 1451.43, 0.237986
255, 1457.14, 0.237986
谐振频率(Hz): 25891.43
Q值: 1.61
峰值宽度: 57.00
曲线不对称性: 1.591
衰减率: 0.0013
衰减斜率: -0.009411
衰减方差: 0.007601

负载网络诊断信息 (模式1):
最大电压: 1.018442
最大电压位置: 88.00 (时间: 502.86 ms)
末尾/起始电压比: 2.027334
峰值特征: 是
峰值位置特征: 较早期峰值 (RLC +3)
Q值特征: 1.61 (LC +1)
谐振频率特征: 25891.43 (LC +2)
不对称性特征: 1.59 (中间范围，不计分)
衰减方差特征: 0.01 (中间范围，不计分)
峰值高度特征: 1.02 (LC +1)
LC评分: 4
RLC评分: 3
判断置信度: 14.3%
模式1检测到: RLC并联 (基于峰值位置判断) (LoadNetType = 8)

Index, Time(ms), AIN1_AC_Volt
0, 0.00, 0.094428
1, 5.71, 0.094428
2, 11.43, 0.094428
3, 17.14, 0.094428
4, 22.86, 0.094428
5, 28.57, 0.094428
6, 34.29, 0.122250
7, 40.00, 0.122250
8, 45.71, 0.122250
9, 51.43, 0.122250
10, 57.14, 0.122250
11, 62.86, 0.122250
12, 68.57, 0.122250
13, 74.29, 0.122250
14, 80.00, 0.167348
15, 85.71, 0.167348
16, 91.43, 0.167348
17, 97.14, 0.167348
18, 102.86, 0.167348
19, 108.57, 0.167348
20, 114.29, 0.167348
21, 120.00, 0.216672
22, 125.71, 0.216672
23, 131.43, 0.216672
24, 137.14, 0.216672
25, 142.86, 0.216672
26, 148.57, 0.216672
27, 154.29, 0.216672
28, 160.00, 0.273000
29, 165.71, 0.273000
30, 171.43, 0.273000
31, 177.14, 0.273000
32, 182.86, 0.273000
33, 188.57, 0.273000
34, 194.29, 0.273000
35, 200.00, 0.273000
36, 205.71, 0.343631
37, 211.43, 0.343631
38, 217.14, 0.343631
39, 222.86, 0.343631
40, 228.57, 0.343631
41, 234.29, 0.343631
42, 240.00, 0.343631
43, 245.71, 0.419092
44, 251.43, 0.419092
45, 257.14, 0.419092
46, 262.86, 0.419092
47, 268.57, 0.419092
48, 274.29, 0.419092
49, 280.00, 0.419092
50, 285.71, 0.508187
51, 291.43, 0.508187
52, 297.14, 0.508187
53, 302.86, 0.508187
54, 308.57, 0.508187
55, 314.29, 0.508187
56, 320.00, 0.508187
57, 325.71, 0.625219
58, 331.43, 0.625219
59, 337.14, 0.625219
60, 342.86, 0.625219
61, 348.57, 0.625219
62, 354.29, 0.625219
63, 360.00, 0.625219
64, 365.71, 0.747167
65, 371.43, 0.747167
66, 377.14, 0.747167
67, 382.86, 0.747167
68, 388.57, 0.747167
69, 394.29, 0.747167
70, 400.00, 0.747167
71, 405.71, 0.875903
72, 411.43, 0.875903
73, 417.14, 0.875903
74, 422.86, 0.875903
75, 428.57, 0.875903
76, 434.29, 0.875903
77, 440.00, 0.875903
78, 445.71, 0.875903
79, 451.43, 0.984739
80, 457.14, 0.984739
81, 462.86, 0.984739
82, 468.57, 0.984739
83, 474.29, 0.984739
84, 480.00, 0.984739
85, 485.71, 0.984739
86, 491.43, 1.020562
87, 497.14, 1.020562
88, 502.86, 1.020562
89, 508.57, 1.020562
90, 514.29, 1.020562
91, 520.00, 1.020562
92, 525.71, 1.020562
93, 531.43, 0.992852
94, 537.14, 0.992852
95, 542.86, 0.992852
96, 548.57, 0.992852
97, 554.29, 0.992852
98, 560.00, 0.992852
99, 565.71, 0.992852
100, 571.43, 0.919030
101, 577.14, 0.919030
102, 582.86, 0.919030
103, 588.57, 0.919030
104, 594.29, 0.919030
105, 600.00, 0.919030
106, 605.71, 0.919030
107, 611.43, 0.840338
108, 617.14, 0.840338
109, 622.86, 0.840338
110, 628.57, 0.840338
111, 634.29, 0.840338
112, 640.00, 0.840338
113, 645.71, 0.840338
114, 651.43, 0.840338
115, 657.14, 0.762828
116, 662.86, 0.762828
117, 668.57, 0.762828
118, 674.29, 0.762828
119, 680.00, 0.762828
120, 685.71, 0.762828
121, 691.43, 0.762828
122, 697.14, 0.685642
123, 702.86, 0.685642
124, 708.57, 0.685642
125, 714.29, 0.685642
126, 720.00, 0.685642
127, 725.71, 0.685642
128, 731.43, 0.685642
129, 737.14, 0.624837
130, 742.86, 0.624837
131, 748.57, 0.624837
132, 754.29, 0.624837
133, 760.00, 0.624837
134, 765.71, 0.624837
135, 771.43, 0.624837
136, 777.14, 0.572007
137, 782.86, 0.572007
138, 788.57, 0.572007
139, 794.29, 0.572007
140, 800.00, 0.572007
141, 805.71, 0.572007
142, 811.43, 0.572007
143, 817.14, 0.572007
144, 822.86, 0.523005
145, 828.57, 0.523005
146, 834.29, 0.523005
147, 840.00, 0.523005
148, 845.71, 0.523005
149, 851.43, 0.523005
150, 857.14, 0.523005
151, 862.86, 0.485018
152, 868.57, 0.485018
153, 874.29, 0.485018
154, 880.00, 0.485018
155, 885.71, 0.485018
156, 891.43, 0.485018
157, 897.14, 0.485018
158, 902.86, 0.452173
159, 908.57, 0.452173
160, 914.29, 0.452173
161, 920.00, 0.452173
162, 925.71, 0.452173
163, 931.43, 0.452173
164, 937.14, 0.452173
165, 942.86, 0.452173
166, 948.57, 0.420945
167, 954.29, 0.420945
168, 960.00, 0.420945
169, 965.71, 0.420945
170, 971.43, 0.420945
171, 977.14, 0.420945
172, 982.86, 0.420945
173, 988.57, 0.396235
174, 994.29, 0.396235
175, 1000.00, 0.396235
176, 1005.71, 0.396235
177, 1011.43, 0.396235
178, 1017.14, 0.396235
179, 1022.86, 0.396235
180, 1028.57, 0.374219
181, 1034.29, 0.374219
182, 1040.00, 0.374219
183, 1045.71, 0.374219
184, 1051.43, 0.374219
185, 1057.14, 0.374219
186, 1062.86, 0.374219
187, 1068.57, 0.352886
188, 1074.29, 0.352886
189, 1080.00, 0.352886
190, 1085.71, 0.352886
191, 1091.43, 0.352886
192, 1097.14, 0.352886
193, 1102.86, 0.352886
194, 1108.57, 0.335677
195, 1114.29, 0.335677
196, 1120.00, 0.335677
197, 1125.71, 0.335677
198, 1131.43, 0.335677
199, 1137.14, 0.335677
200, 1142.86, 0.335677
201, 1148.57, 0.320080
202, 1154.29, 0.320080
203, 1160.00, 0.320080
204, 1165.71, 0.320080
205, 1171.43, 0.320080
206, 1177.14, 0.320080
207, 1182.86, 0.320080
208, 1188.57, 0.320080
209, 1194.29, 0.304668
210, 1200.00, 0.304668
211, 1205.71, 0.304668
212, 1211.43, 0.304668
213, 1217.14, 0.304668
214, 1222.86, 0.304668
215, 1228.57, 0.304668
216, 1234.29, 0.291979
217, 1240.00, 0.291979
218, 1245.71, 0.291979
219, 1251.43, 0.291979
220, 1257.14, 0.291979
221, 1262.86, 0.291979
222, 1268.57, 0.291979
223, 1274.29, 0.280327
224, 1280.00, 0.280327
225, 1285.71, 0.280327
226, 1291.43, 0.280327
227, 1297.14, 0.280327
228, 1302.86, 0.280327
229, 1308.57, 0.280327
230, 1314.29, 0.280327
231, 1320.00, 0.268425
232, 1325.71, 0.268425
233, 1331.43, 0.268425
234, 1337.14, 0.268425
235, 1342.86, 0.268425
236, 1348.57, 0.268425
237, 1354.29, 0.268425
238, 1360.00, 0.258628
239, 1365.71, 0.258628
240, 1371.43, 0.258628
241, 1377.14, 0.258628
242, 1382.86, 0.258628
243, 1388.57, 0.258628
244, 1394.29, 0.258628
245, 1400.00, 0.249482
246, 1405.71, 0.249482
247, 1411.43, 0.249482
248, 1417.14, 0.249482
249, 1422.86, 0.249482
250, 1428.57, 0.249482
251, 1434.29, 0.249482
252, 1440.00, 0.249482
253, 1445.71, 0.240234
254, 1451.43, 0.240234
255, 1457.14, 0.240234
谐振频率(Hz): 25325.71
Q值: 1.57
峰值宽度: 57.00
曲线不对称性: 1.591
衰减率: 0.0009
衰减斜率: -0.008719
衰减方差: 0.006646

负载网络诊断信息 (模式1):
最大电压: 1.020562
最大电压位置: 86.00 (时间: 491.43 ms)
末尾/起始电压比: 1.986855
峰值特征: 是
峰值位置特征: 非常早期峰值 (RLC +4)
Q值特征: 1.57 (RLC +2)
谐振频率特征: 25325.71 (LC +2)
不对称性特征: 1.59 (中间范围，不计分)
衰减方差特征: 0.01 (中间范围，不计分)
峰值高度特征: 1.02 (LC +1)
LC评分: 3
RLC评分: 6
判断置信度: 33.3%
模式1检测到: RLC并联 (LoadNetType = 8)

------------------------------------
实际为LC并联，判断为了RLC并联
Index, Time(ms), AIN1_AC_Volt
0, 0.00, 0.092013
1, 5.71, 0.097379
2, 11.43, 0.097379
3, 17.14, 0.097379
4, 22.86, 0.097379
5, 28.57, 0.097379
6, 34.29, 0.097379
7, 40.00, 0.097379
8, 45.71, 0.143338
9, 51.43, 0.143338
10, 57.14, 0.143338
11, 62.86, 0.143338
12, 68.57, 0.143338
13, 74.29, 0.143338
14, 80.00, 0.143338
15, 85.71, 0.198489
16, 91.43, 0.198489
17, 97.14, 0.198489
18, 102.86, 0.198489
19, 108.57, 0.198489
20, 114.29, 0.198489
21, 120.00, 0.198489
22, 125.71, 0.272597
23, 131.43, 0.272597
24, 137.14, 0.272597
25, 142.86, 0.272597
26, 148.57, 0.272597
27, 154.29, 0.272597
28, 160.00, 0.272597
29, 165.71, 0.272597
30, 171.43, 0.385366
31, 177.14, 0.385366
32, 182.86, 0.385366
33, 188.57, 0.385366
34, 194.29, 0.385366
35, 200.00, 0.385366
36, 205.71, 0.385366
37, 211.43, 0.520903
38, 217.14, 0.520903
39, 222.86, 0.520903
40, 228.57, 0.520903
41, 234.29, 0.520903
42, 240.00, 0.520903
43, 245.71, 0.520903
44, 251.43, 0.645286
45, 257.14, 0.645286
46, 262.86, 0.645286
47, 268.57, 0.645286
48, 274.29, 0.645286
49, 280.00, 0.645286
50, 285.71, 0.645286
51, 291.43, 0.656290
52, 297.14, 0.656290
53, 302.86, 0.656290
54, 308.57, 0.656290
55, 314.29, 0.656290
56, 320.00, 0.656290
57, 325.71, 0.656290
58, 331.43, 0.570840
59, 337.14, 0.570840
60, 342.86, 0.570840
61, 348.57, 0.570840
62, 354.29, 0.570840
63, 360.00, 0.570840
64, 365.71, 0.570840
65, 371.43, 0.476209
66, 377.14, 0.476209
67, 382.86, 0.476209
68, 388.57, 0.476209
69, 394.29, 0.476209
70, 400.00, 0.476209
71, 405.71, 0.476209
72, 411.43, 0.476209
73, 417.14, 0.393702
74, 422.86, 0.393702
75, 428.57, 0.393702
76, 434.29, 0.393702
77, 440.00, 0.393702
78, 445.71, 0.393702
79, 451.43, 0.393702
80, 457.14, 0.337809
81, 462.86, 0.337809
82, 468.57, 0.337809
83, 474.29, 0.337809
84, 480.00, 0.337809
85, 485.71, 0.337809
86, 491.43, 0.337809
87, 497.14, 0.295358
88, 502.86, 0.295358
89, 508.57, 0.295358
90, 514.29, 0.295358
91, 520.00, 0.295358
92, 525.71, 0.295358
93, 531.43, 0.295358
94, 537.14, 0.295358
95, 542.86, 0.259474
96, 548.57, 0.259474
97, 554.29, 0.259474
98, 560.00, 0.259474
99, 565.71, 0.259474
100, 571.43, 0.259474
101, 577.14, 0.259474
102, 582.86, 0.233877
103, 588.57, 0.233877
104, 594.29, 0.233877
105, 600.00, 0.233877
106, 605.71, 0.233877
107, 611.43, 0.233877
108, 617.14, 0.233877
109, 622.86, 0.212719
110, 628.57, 0.212719
111, 634.29, 0.212719
112, 640.00, 0.212719
113, 645.71, 0.212719
114, 651.43, 0.212719
115, 657.14, 0.212719
116, 662.86, 0.193657
117, 668.57, 0.193657
118, 674.29, 0.193657
119, 680.00, 0.193657
120, 685.71, 0.193657
121, 691.43, 0.193657
122, 697.14, 0.193657
123, 702.86, 0.179028
124, 708.57, 0.179028
125, 714.29, 0.179028
126, 720.00, 0.179028
127, 725.71, 0.179028
128, 731.43, 0.179028
129, 737.14, 0.179028
130, 742.86, 0.166412
131, 748.57, 0.166412
132, 754.29, 0.166412
133, 760.00, 0.166412
134, 765.71, 0.166412
135, 771.43, 0.166412
136, 777.14, 0.166412
137, 782.86, 0.166412
138, 788.57, 0.154263
139, 794.29, 0.154263
140, 800.00, 0.154263
141, 805.71, 0.154263
142, 811.43, 0.154263
143, 817.14, 0.154263
144, 822.86, 0.154263
145, 828.57, 0.144686
146, 834.29, 0.144686
147, 840.00, 0.144686
148, 845.71, 0.144686
149, 851.43, 0.144686
150, 857.14, 0.144686
151, 862.86, 0.144686
152, 868.57, 0.136021
153, 874.29, 0.136021
154, 880.00, 0.136021
155, 885.71, 0.136021
156, 891.43, 0.136021
157, 897.14, 0.136021
158, 902.86, 0.136021
159, 908.57, 0.127521
160, 914.29, 0.127521
161, 920.00, 0.127521
162, 925.71, 0.127521
163, 931.43, 0.127521
164, 937.14, 0.127521
165, 942.86, 0.127521
166, 948.57, 0.120515
167, 954.29, 0.120515
168, 960.00, 0.120515
169, 965.71, 0.120515
170, 971.43, 0.120515
171, 977.14, 0.120515
172, 982.86, 0.120515
173, 988.57, 0.114038
174, 994.29, 0.114038
175, 1000.00, 0.114038
176, 1005.71, 0.114038
177, 1011.43, 0.114038
178, 1017.14, 0.114038
179, 1022.86, 0.114038
180, 1028.57, 0.114038
181, 1034.29, 0.107515
182, 1040.00, 0.107515
183, 1045.71, 0.107515
184, 1051.43, 0.107515
185, 1057.14, 0.107515
186, 1062.86, 0.107515
187, 1068.57, 0.107515
188, 1074.29, 0.101996
189, 1080.00, 0.101996
190, 1085.71, 0.101996
191, 1091.43, 0.101996
192, 1097.14, 0.101996
193, 1102.86, 0.101996
194, 1108.57, 0.101996
195, 1114.29, 0.096863
196, 1120.00, 0.096863
197, 1125.71, 0.096863
198, 1131.43, 0.096863
199, 1137.14, 0.096863
200, 1142.86, 0.096863
201, 1148.57, 0.096863
202, 1154.29, 0.096863
203, 1160.00, 0.091573
204, 1165.71, 0.091573
205, 1171.43, 0.091573
206, 1177.14, 0.091573
207, 1182.86, 0.091573
208, 1188.57, 0.091573
209, 1194.29, 0.091573
210, 1200.00, 0.086927
211, 1205.71, 0.086927
212, 1211.43, 0.086927
213, 1217.14, 0.086927
214, 1222.86, 0.086927
215, 1228.57, 0.086927
216, 1234.29, 0.086927
217, 1240.00, 0.082546
218, 1245.71, 0.082546
219, 1251.43, 0.082546
220, 1257.14, 0.082546
221, 1262.86, 0.082546
222, 1268.57, 0.082546
223, 1274.29, 0.082546
224, 1280.00, 0.078019
225, 1285.71, 0.078019
226, 1291.43, 0.078019
227, 1297.14, 0.078019
228, 1302.86, 0.078019
229, 1308.57, 0.078019
230, 1314.29, 0.078019
231, 1320.00, 0.074017
232, 1325.71, 0.074017
233, 1331.43, 0.074017
234, 1337.14, 0.074017
235, 1342.86, 0.074017
236, 1348.57, 0.074017
237, 1354.29, 0.074017
238, 1360.00, 0.070092
239, 1365.71, 0.070092
240, 1371.43, 0.070092
241, 1377.14, 0.070092
242, 1382.86, 0.070092
243, 1388.57, 0.070092
244, 1394.29, 0.070092
245, 1400.00, 0.070092
246, 1405.71, 0.065881
247, 1411.43, 0.065881
248, 1417.14, 0.065881
249, 1422.86, 0.065881
250, 1428.57, 0.065881
251, 1434.29, 0.065881
252, 1440.00, 0.065881
253, 1445.71, 0.062260
254, 1451.43, 0.062260
255, 1457.14, 0.062260
谐振频率(Hz): 15425.71
Q值: 1.56
峰值宽度: 35.00
曲线不对称性: 1.500
衰减率: 0.0016
衰减斜率: -0.011382
衰减方差: 0.010929

负载网络诊断信息 (模式1):
最大电压: 0.656290
最大电压位置: 51.00 (时间: 291.43 ms)
末尾/起始电压比: 0.489882
峰值特征: 是
峰值位置特征: 非常早期峰值 (RLC +4)
Q值特征: 1.56 (RLC +2)
谐振频率特征: 15425.71 (中间范围，不计分)
不对称性特征: 1.50 (中间范围，不计分)
衰减方差特征: 0.01 (中间范围，不计分)
峰宽位置关联特征: 早期窄峰 (RLC +2)
LC评分: 0
RLC评分: 8
判断置信度: 100.0%
模式1检测到: RLC并联 (LoadNetType = 8)

Index, Time(ms), AIN1_AC_Volt
0, 0.00, 0.093951
1, 5.71, 0.093951
2, 11.43, 0.093951
3, 17.14, 0.093951
4, 22.86, 0.093951
5, 28.57, 0.093951
6, 34.29, 0.093951
7, 40.00, 0.136964
8, 45.71, 0.136964
9, 51.43, 0.136964
10, 57.14, 0.136964
11, 62.86, 0.136964
12, 68.57, 0.136964
13, 74.29, 0.136964
14, 80.00, 0.136964
15, 85.71, 0.195997
16, 91.43, 0.195997
17, 97.14, 0.195997
18, 102.86, 0.195997
19, 108.57, 0.195997
20, 114.29, 0.195997
21, 120.00, 0.195997
22, 125.71, 0.268987
23, 131.43, 0.268987
24, 137.14, 0.268987
25, 142.86, 0.268987
26, 148.57, 0.268987
27, 154.29, 0.268987
28, 160.00, 0.268987
29, 165.71, 0.369149
30, 171.43, 0.369149
31, 177.14, 0.369149
32, 182.86, 0.369149
33, 188.57, 0.369149
34, 194.29, 0.369149
35, 200.00, 0.369149
36, 205.71, 0.369149
37, 211.43, 0.516198
38, 217.14, 0.516198
39, 222.86, 0.516198
40, 228.57, 0.516198
41, 234.29, 0.516198
42, 240.00, 0.516198
43, 245.71, 0.516198
44, 251.43, 0.642697
45, 257.14, 0.642697
46, 262.86, 0.642697
47, 268.57, 0.642697
48, 274.29, 0.642697
49, 280.00, 0.642697
50, 285.71, 0.642697
51, 291.43, 0.663922
52, 297.14, 0.663922
53, 302.86, 0.663922
54, 308.57, 0.663922
55, 314.29, 0.663922
56, 320.00, 0.663922
57, 325.71, 0.663922
58, 331.43, 0.575259
59, 337.14, 0.575259
60, 342.86, 0.575259
61, 348.57, 0.575259
62, 354.29, 0.575259
63, 360.00, 0.575259
64, 365.71, 0.575259
65, 371.43, 0.479895
66, 377.14, 0.479895
67, 382.86, 0.479895
68, 388.57, 0.479895
69, 394.29, 0.479895
70, 400.00, 0.479895
71, 405.71, 0.479895
72, 411.43, 0.402429
73, 417.14, 0.402429
74, 422.86, 0.402429
75, 428.57, 0.402429
76, 434.29, 0.402429
77, 440.00, 0.402429
78, 445.71, 0.402429
79, 451.43, 0.402429
80, 457.14, 0.339214
81, 462.86, 0.339214
82, 468.57, 0.339214
83, 474.29, 0.339214
84, 480.00, 0.339214
85, 485.71, 0.339214
86, 491.43, 0.339214
87, 497.14, 0.296567
88, 502.86, 0.296567
89, 508.57, 0.296567
90, 514.29, 0.296567
91, 520.00, 0.296567
92, 525.71, 0.296567
93, 531.43, 0.296567
94, 537.14, 0.263343
95, 542.86, 0.263343
96, 548.57, 0.263343
97, 554.29, 0.263343
98, 560.00, 0.263343
99, 565.71, 0.263343
100, 571.43, 0.263343
101, 577.14, 0.234479
102, 582.86, 0.234479
103, 588.57, 0.234479
104, 594.29, 0.234479
105, 600.00, 0.234479
106, 605.71, 0.234479
107, 611.43, 0.234479
108, 617.14, 0.213364
109, 622.86, 0.213364
110, 628.57, 0.213364
111, 634.29, 0.213364
112, 640.00, 0.213364
113, 645.71, 0.213364
114, 651.43, 0.213364
115, 657.14, 0.195612
116, 662.86, 0.195612
117, 668.57, 0.195612
118, 674.29, 0.195612
119, 680.00, 0.195612
120, 685.71, 0.195612
121, 691.43, 0.195612
122, 697.14, 0.195612
123, 702.86, 0.179303
124, 708.57, 0.179303
125, 714.29, 0.179303
126, 720.00, 0.179303
127, 725.71, 0.179303
128, 731.43, 0.179303
129, 737.14, 0.179303
130, 742.86, 0.166634
131, 748.57, 0.166634
132, 754.29, 0.166634
133, 760.00, 0.166634
134, 765.71, 0.166634
135, 771.43, 0.166634
136, 777.14, 0.166634
137, 782.86, 0.155499
138, 788.57, 0.155499
139, 794.29, 0.155499
140, 800.00, 0.155499
141, 805.71, 0.155499
142, 811.43, 0.155499
143, 817.14, 0.155499
144, 822.86, 0.155499
145, 828.57, 0.144765
146, 834.29, 0.144765
147, 840.00, 0.144765
148, 845.71, 0.144765
149, 851.43, 0.144765
150, 857.14, 0.144765
151, 862.86, 0.144765
152, 868.57, 0.136147
153, 874.29, 0.136147
154, 880.00, 0.136147
155, 885.71, 0.136147
156, 891.43, 0.136147
157, 897.14, 0.136147
158, 902.86, 0.136147
159, 908.57, 0.128236
160, 914.29, 0.128236
161, 920.00, 0.128236
162, 925.71, 0.128236
163, 931.43, 0.128236
164, 937.14, 0.128236
165, 942.86, 0.128236
166, 948.57, 0.120495
167, 954.29, 0.120495
168, 960.00, 0.120495
169, 965.71, 0.120495
170, 971.43, 0.120495
171, 977.14, 0.120495
172, 982.86, 0.120495
173, 988.57, 0.114008
174, 994.29, 0.114008
175, 1000.00, 0.114008
176, 1005.71, 0.114008
177, 1011.43, 0.114008
178, 1017.14, 0.114008
179, 1022.86, 0.114008
180, 1028.57, 0.107992
181, 1034.29, 0.107992
182, 1040.00, 0.107992
183, 1045.71, 0.107992
184, 1051.43, 0.107992
185, 1057.14, 0.107992
186, 1062.86, 0.107992
187, 1068.57, 0.107992
188, 1074.29, 0.101915
189, 1080.00, 0.101915
190, 1085.71, 0.101915
191, 1091.43, 0.101915
192, 1097.14, 0.101915
193, 1102.86, 0.101915
194, 1108.57, 0.101915
195, 1114.29, 0.096770
196, 1120.00, 0.096770
197, 1125.71, 0.096770
198, 1131.43, 0.096770
199, 1137.14, 0.096770
200, 1142.86, 0.096770
201, 1148.57, 0.096770
202, 1154.29, 0.091849
203, 1160.00, 0.091849
204, 1165.71, 0.091849
205, 1171.43, 0.091849
206, 1177.14, 0.091849
207, 1182.86, 0.091849
208, 1188.57, 0.091849
209, 1194.29, 0.091849
210, 1200.00, 0.086786
211, 1205.71, 0.086786
212, 1211.43, 0.086786
213, 1217.14, 0.086786
214, 1222.86, 0.086786
215, 1228.57, 0.086786
216, 1234.29, 0.086786
217, 1240.00, 0.082482
218, 1245.71, 0.082482
219, 1251.43, 0.082482
220, 1257.14, 0.082482
221, 1262.86, 0.082482
222, 1268.57, 0.082482
223, 1274.29, 0.082482
224, 1280.00, 0.078282
225, 1285.71, 0.078282
226, 1291.43, 0.078282
227, 1297.14, 0.078282
228, 1302.86, 0.078282
229, 1308.57, 0.078282
230, 1314.29, 0.078282
231, 1320.00, 0.078282
232, 1325.71, 0.073813
233, 1331.43, 0.073813
234, 1337.14, 0.073813
235, 1342.86, 0.073813
236, 1348.57, 0.073813
237, 1354.29, 0.073813
238, 1360.00, 0.073813
239, 1365.71, 0.069960
240, 1371.43, 0.069960
241, 1377.14, 0.069960
242, 1382.86, 0.069960
243, 1388.57, 0.069960
244, 1394.29, 0.069960
245, 1400.00, 0.069960
246, 1405.71, 0.066103
247, 1411.43, 0.066103
248, 1417.14, 0.066103
249, 1422.86, 0.066103
250, 1428.57, 0.066103
251, 1434.29, 0.066103
252, 1440.00, 0.066103
253, 1445.71, 0.062066
254, 1451.43, 0.062066
255, 1457.14, 0.062066
谐振频率(Hz): 15425.71
Q值: 1.60
峰值宽度: 34.00
曲线不对称性: 1.429
衰减率: 0.0017
衰减斜率: -0.011598
衰减方差: 0.011369

负载网络诊断信息 (模式1):
最大电压: 0.663922
最大电压位置: 51.00 (时间: 291.43 ms)
末尾/起始电压比: 0.497586
峰值特征: 是
峰值位置特征: 非常早期峰值 (RLC +4)
Q值特征: 1.60 (LC +1)
谐振频率特征: 15425.71 (中间范围，不计分)
不对称性特征: 1.43 (中间范围，不计分)
衰减方差特征: 0.01 (中间范围，不计分)
峰宽位置关联特征: 早期窄峰 (RLC +2)
LC评分: 1
RLC评分: 6
判断置信度: 71.4%
模式1检测到: RLC并联 (LoadNetType = 8)

------------------------------------
实际为LC并联，判断为了RLC并联
Index, Time(ms), AIN1_AC_Volt
0, 0.00, 0.179401
1, 5.71, 0.179401
2, 11.43, 0.197391
3, 17.14, 0.197391
4, 22.86, 0.197391
5, 28.57, 0.197391
6, 34.29, 0.197391
7, 40.00, 0.197391
8, 45.71, 0.197391
9, 51.43, 0.275850
10, 57.14, 0.275850
11, 62.86, 0.275850
12, 68.57, 0.275850
13, 74.29, 0.275850
14, 80.00, 0.275850
15, 85.71, 0.275850
16, 91.43, 0.275850
17, 97.14, 0.416027
18, 102.86, 0.416027
19, 108.57, 0.416027
20, 114.29, 0.416027
21, 120.00, 0.416027
22, 125.71, 0.416027
23, 131.43, 0.602324
24, 137.14, 0.602324
25, 142.86, 0.602324
26, 148.57, 0.602324
27, 154.29, 0.602324
28, 160.00, 0.602324
29, 165.71, 0.602324
30, 171.43, 0.770084
31, 177.14, 0.770084
32, 182.86, 0.770084
33, 188.57, 0.770084
34, 194.29, 0.770084
35, 200.00, 0.770084
36, 205.71, 0.770084
37, 211.43, 0.770084
38, 217.14, 0.743247
39, 222.86, 0.743247
40, 228.57, 0.743247
41, 234.29, 0.743247
42, 240.00, 0.743247
43, 245.71, 0.743247
44, 251.43, 0.743247
45, 257.14, 0.609052
46, 262.86, 0.609052
47, 268.57, 0.609052
48, 274.29, 0.609052
49, 280.00, 0.609052
50, 285.71, 0.609052
51, 291.43, 0.609052
52, 297.14, 0.491581
53, 302.86, 0.491581
54, 308.57, 0.491581
55, 314.29, 0.491581
56, 320.00, 0.491581
57, 325.71, 0.491581
58, 331.43, 0.491581
59, 337.14, 0.491581
60, 342.86, 0.401384
61, 348.57, 0.401384
62, 354.29, 0.401384
63, 360.00, 0.401384
64, 365.71, 0.401384
65, 371.43, 0.401384
66, 377.14, 0.401384
67, 382.86, 0.344047
68, 388.57, 0.344047
69, 394.29, 0.344047
70, 400.00, 0.344047
71, 405.71, 0.344047
72, 411.43, 0.344047
73, 417.14, 0.344047
74, 422.86, 0.300923
75, 428.57, 0.300923
76, 434.29, 0.300923
77, 440.00, 0.300923
78, 445.71, 0.300923
79, 451.43, 0.300923
80, 457.14, 0.300923
81, 462.86, 0.265136
82, 468.57, 0.265136
83, 474.29, 0.265136
84, 480.00, 0.265136
85, 485.71, 0.265136
86, 491.43, 0.265136
87, 497.14, 0.265136
88, 502.86, 0.239608
89, 508.57, 0.239608
90, 514.29, 0.239608
91, 520.00, 0.239608
92, 525.71, 0.239608
93, 531.43, 0.239608
94, 537.14, 0.239608
95, 542.86, 0.218796
96, 548.57, 0.218796
97, 554.29, 0.218796
98, 560.00, 0.218796
99, 565.71, 0.218796
100, 571.43, 0.218796
101, 577.14, 0.218796
102, 582.86, 0.218796
103, 588.57, 0.199886
104, 594.29, 0.199886
105, 600.00, 0.199886
106, 605.71, 0.199886
107, 611.43, 0.199886
108, 617.14, 0.199886
109, 622.86, 0.199886
110, 628.57, 0.185417
111, 634.29, 0.185417
112, 640.00, 0.185417
113, 645.71, 0.185417
114, 651.43, 0.185417
115, 657.14, 0.185417
116, 662.86, 0.185417
117, 668.57, 0.172966
118, 674.29, 0.172966
119, 680.00, 0.172966
120, 685.71, 0.172966
121, 691.43, 0.172966
122, 697.14, 0.172966
123, 702.86, 0.172966
124, 708.57, 0.161019
125, 714.29, 0.161019
126, 720.00, 0.161019
127, 725.71, 0.161019
128, 731.43, 0.161019
129, 737.14, 0.161019
130, 742.86, 0.161019
131, 748.57, 0.151632
132, 754.29, 0.151632
133, 760.00, 0.151632
134, 765.71, 0.151632
135, 771.43, 0.151632
136, 777.14, 0.151632
137, 782.86, 0.151632
138, 788.57, 0.143157
139, 794.29, 0.143157
140, 800.00, 0.143157
141, 805.71, 0.143157
142, 811.43, 0.143157
143, 817.14, 0.143157
144, 822.86, 0.143157
145, 828.57, 0.143157
146, 834.29, 0.134906
147, 840.00, 0.134906
148, 845.71, 0.134906
149, 851.43, 0.134906
150, 857.14, 0.134906
151, 862.86, 0.134906
152, 868.57, 0.134906
153, 874.29, 0.128129
154, 880.00, 0.128129
155, 885.71, 0.128129
156, 891.43, 0.128129
157, 897.14, 0.128129
158, 902.86, 0.128129
159, 908.57, 0.128129
160, 914.29, 0.121936
161, 920.00, 0.121936
162, 925.71, 0.121936
163, 931.43, 0.121936
164, 937.14, 0.121936
165, 942.86, 0.121936
166, 948.57, 0.121936
167, 954.29, 0.121936
168, 960.00, 0.115708
169, 965.71, 0.115708
170, 971.43, 0.115708
171, 977.14, 0.115708
172, 982.86, 0.115708
173, 988.57, 0.115708
174, 994.29, 0.110507
175, 1000.00, 0.110507
176, 1005.71, 0.110507
177, 1011.43, 0.110507
178, 1017.14, 0.110507
179, 1022.86, 0.110507
180, 1028.57, 0.110507
181, 1034.29, 0.110507
182, 1040.00, 0.105639
183, 1045.71, 0.105639
184, 1051.43, 0.105639
185, 1057.14, 0.105639
186, 1062.86, 0.105639
187, 1068.57, 0.105639
188, 1074.29, 0.105639
189, 1080.00, 0.100748
190, 1085.71, 0.100748
191, 1091.43, 0.100748
192, 1097.14, 0.100748
193, 1102.86, 0.100748
194, 1108.57, 0.100748
195, 1114.29, 0.100748
196, 1120.00, 0.096628
197, 1125.71, 0.096628
198, 1131.43, 0.096628
199, 1137.14, 0.096628
200, 1142.86, 0.096628
201, 1148.57, 0.096628
202, 1154.29, 0.096628
203, 1160.00, 0.092631
204, 1165.71, 0.092631
205, 1171.43, 0.092631
206, 1177.14, 0.092631
207, 1182.86, 0.092631
208, 1188.57, 0.092631
209, 1194.29, 0.092631
210, 1200.00, 0.092631
211, 1205.71, 0.088586
212, 1211.43, 0.088586
213, 1217.14, 0.088586
214, 1222.86, 0.088586
215, 1228.57, 0.088586
216, 1234.29, 0.088586
217, 1240.00, 0.088586
218, 1245.71, 0.085056
219, 1251.43, 0.085056
220, 1257.14, 0.085056
221, 1262.86, 0.085056
222, 1268.57, 0.085056
223, 1274.29, 0.085056
224, 1280.00, 0.085056
225, 1285.71, 0.081696
226, 1291.43, 0.081696
227, 1297.14, 0.081696
228, 1302.86, 0.081696
229, 1308.57, 0.081696
230, 1314.29, 0.081696
231, 1320.00, 0.081696
232, 1325.71, 0.081696
233, 1331.43, 0.078306
234, 1337.14, 0.078306
235, 1342.86, 0.078306
236, 1348.57, 0.078306
237, 1354.29, 0.078306
238, 1360.00, 0.078306
239, 1365.71, 0.078306
240, 1371.43, 0.075322
241, 1377.14, 0.075322
242, 1382.86, 0.075322
243, 1388.57, 0.075322
244, 1394.29, 0.075322
245, 1400.00, 0.075322
246, 1405.71, 0.072380
247, 1411.43, 0.072380
248, 1417.14, 0.072380
249, 1422.86, 0.072380
250, 1428.57, 0.072380
251, 1434.29, 0.072380
252, 1440.00, 0.072380
253, 1445.71, 0.072380
254, 1451.43, 0.069384
255, 1457.14, 0.069384
谐振频率(Hz): 9485.71
Q值: 1.20
峰值宽度: 28.00
曲线不对称性: 3.000
衰减率: 0.0009
衰减斜率: -0.012724
衰减方差: 0.014496

负载网络诊断信息 (模式1):
最大电压: 0.770084
最大电压位置: 30.00 (时间: 171.43 ms)
末尾/起始电压比: 0.285437
峰值特征: 是
峰值位置特征: 非常早期峰值 (RLC +4)
Q值特征: 1.20 (LC +2)
谐振频率特征: 9485.71 (RLC +2)
不对称性特征: 3.00 (LC +1)
衰减方差特征: 0.01 (RLC +2)
峰宽位置关联特征: 早期窄峰 (RLC +2)
LC评分: 3
RLC评分: 10
判断置信度: 53.8%
模式1检测到: RLC并联 (LoadNetType = 8)

