RL并联数据，第一组：
0, 0.00, 0.088162
1, 5.71, 0.088162
2, 11.43, 0.088162
3, 17.14, 0.101123
4, 22.86, 0.101123
5, 28.57, 0.101123
6, 34.29, 0.101123
7, 40.00, 0.101123
8, 45.71, 0.101123
9, 51.43, 0.162538
10, 57.14, 0.162538
11, 62.86, 0.162538
12, 68.57, 0.162538
13, 74.29, 0.162538
14, 80.00, 0.162538
15, 85.71, 0.231806
16, 91.43, 0.231806
17, 97.14, 0.231806
18, 102.86, 0.231806
19, 108.57, 0.231806
20, 114.29, 0.231806
21, 120.00, 0.306746
22, 125.71, 0.306746
23, 131.43, 0.306746
24, 137.14, 0.306746
25, 142.86, 0.306746
26, 148.57, 0.306746
27, 154.29, 0.370887
28, 160.00, 0.370887
29, 165.71, 0.370887
30, 171.43, 0.370887
31, 177.14, 0.370887
32, 182.86, 0.370887
33, 188.57, 0.370887
34, 194.29, 0.432497
35, 200.00, 0.432497
36, 205.71, 0.432497
37, 211.43, 0.432497
38, 217.14, 0.432497
39, 222.86, 0.432497
40, 228.57, 0.497020
41, 234.29, 0.497020
42, 240.00, 0.497020
43, 245.71, 0.497020
44, 251.43, 0.497020
45, 257.14, 0.497020
46, 262.86, 0.551163
47, 268.57, 0.551163
48, 274.29, 0.551163
49, 280.00, 0.551163
50, 285.71, 0.551163
51, 291.43, 0.551163
52, 297.14, 0.602403
53, 302.86, 0.602403
54, 308.57, 0.602403
55, 314.29, 0.602403
56, 320.00, 0.602403
57, 325.71, 0.602403
58, 331.43, 0.602403
59, 337.14, 0.655699
60, 342.86, 0.655699
61, 348.57, 0.655699
62, 354.29, 0.655699
63, 360.00, 0.655699
64, 365.71, 0.655699
65, 371.43, 0.699834
66, 377.14, 0.699834
67, 382.86, 0.699834
68, 388.57, 0.699834
69, 394.29, 0.699834
70, 400.00, 0.699834
71, 405.71, 0.741637
72, 411.43, 0.741637
73, 417.14, 0.741637
74, 422.86, 0.741637
75, 428.57, 0.741637
76, 434.29, 0.741637
77, 440.00, 0.741637
78, 445.71, 0.784395
79, 451.43, 0.784395
80, 457.14, 0.784395
81, 462.86, 0.784395
82, 468.57, 0.784395
83, 474.29, 0.784395
84, 480.00, 0.820106
85, 485.71, 0.820106
86, 491.43, 0.820106
87, 497.14, 0.820106
88, 502.86, 0.820106
89, 508.57, 0.820106
90, 514.29, 0.853474
91, 520.00, 0.853474
92, 525.71, 0.853474
93, 531.43, 0.853474
94, 537.14, 0.853474
95, 542.86, 0.853474
96, 548.57, 0.853474
97, 554.29, 0.887531
98, 560.00, 0.887531
99, 565.71, 0.887531
100, 571.43, 0.887531
101, 577.14, 0.887531
102, 582.86, 0.887531
103, 588.57, 0.915515
104, 594.29, 0.915515
105, 600.00, 0.915515
106, 605.71, 0.915515
107, 611.43, 0.915515
108, 617.14, 0.915515
109, 622.86, 0.941200
110, 628.57, 0.941200
111, 634.29, 0.941200
112, 640.00, 0.941200
113, 645.71, 0.941200
114, 651.43, 0.941200
115, 657.14, 0.941200
116, 662.86, 0.967646
117, 668.57, 0.967646
118, 674.29, 0.967646
119, 680.00, 0.967646
120, 685.71, 0.967646
121, 691.43, 0.967646
122, 697.14, 0.989754
123, 702.86, 0.989754
124, 708.57, 0.989754
125, 714.29, 0.989754
126, 720.00, 0.989754
127, 725.71, 0.989754

RL并联数据，第二组：
Index, Time(ms), AIN1_AC_Volt
0, 0.00, 0.089896
1, 5.71, 0.089896
2, 11.43, 0.089896
3, 17.14, 0.089896
4, 22.86, 0.089896
5, 28.57, 0.126797
6, 34.29, 0.126797
7, 40.00, 0.126797
8, 45.71, 0.126797
9, 51.43, 0.126797
10, 57.14, 0.126797
11, 62.86, 0.126797
12, 68.57, 0.200146
13, 74.29, 0.200146
14, 80.00, 0.200146
15, 85.71, 0.200146
16, 91.43, 0.200146
17, 97.14, 0.200146
18, 102.86, 0.267959
19, 108.57, 0.267959
20, 114.29, 0.267959
21, 120.00, 0.267959
22, 125.71, 0.267959
23, 131.43, 0.267959
24, 137.14, 0.334114
25, 142.86, 0.334114
26, 148.57, 0.334114
27, 154.29, 0.334114
28, 160.00, 0.334114
29, 165.71, 0.334114
30, 171.43, 0.334114
31, 177.14, 0.404719
32, 182.86, 0.404719
33, 188.57, 0.404719
34, 194.29, 0.404719
35, 200.00, 0.404719
36, 205.71, 0.404719
37, 211.43, 0.465346
38, 217.14, 0.465346
39, 222.86, 0.465346
40, 228.57, 0.465346
41, 234.29, 0.465346
42, 240.00, 0.465346
43, 245.71, 0.523858
44, 251.43, 0.523858
45, 257.14, 0.523858
46, 262.86, 0.523858
47, 268.57, 0.523858
48, 274.29, 0.523858
49, 280.00, 0.523858
50, 285.71, 0.585688
51, 291.43, 0.585688
52, 297.14, 0.585688
53, 302.86, 0.585688
54, 308.57, 0.585688
55, 314.29, 0.585688
56, 320.00, 0.637970
57, 325.71, 0.637970
58, 331.43, 0.637970
59, 337.14, 0.637970
60, 342.86, 0.637970
61, 348.57, 0.637970
62, 354.29, 0.687991
63, 360.00, 0.687991
64, 365.71, 0.687991
65, 371.43, 0.687991
66, 377.14, 0.687991
67, 382.86, 0.687991
68, 388.57, 0.687991
69, 394.29, 0.739933
70, 400.00, 0.739933
71, 405.71, 0.739933
72, 411.43, 0.739933
73, 417.14, 0.739933
74, 422.86, 0.739933
75, 428.57, 0.784072
76, 434.29, 0.784072
77, 440.00, 0.784072
78, 445.71, 0.784072
79, 451.43, 0.784072
80, 457.14, 0.784072
81, 462.86, 0.826259
82, 468.57, 0.826259
83, 474.29, 0.826259
84, 480.00, 0.826259
85, 485.71, 0.826259
86, 491.43, 0.826259
87, 497.14, 0.869717
88, 502.86, 0.869717
89, 508.57, 0.869717
90, 514.29, 0.869717
91, 520.00, 0.869717
92, 525.71, 0.869717
93, 531.43, 0.869717
94, 537.14, 0.906705
95, 542.86, 0.906705
96, 548.57, 0.906705
97, 554.29, 0.906705
98, 560.00, 0.906705
99, 565.71, 0.906705
100, 571.43, 0.941369
101, 577.14, 0.941369
102, 582.86, 0.941369
103, 588.57, 0.941369
104, 594.29, 0.941369
105, 600.00, 0.941369
106, 605.71, 0.977350
107, 611.43, 0.977350
108, 617.14, 0.977350
109, 622.86, 0.977350
110, 628.57, 0.977350
111, 634.29, 0.977350
112, 640.00, 0.977350
113, 645.71, 1.007305
114, 651.43, 1.007305
115, 657.14, 1.007305
116, 662.86, 1.007305
117, 668.57, 1.007305
118, 674.29, 1.007305
119, 680.00, 1.035767
120, 685.71, 1.035767
121, 691.43, 1.035767
122, 697.14, 1.035767
123, 702.86, 1.035767
124, 708.57, 1.035767
125, 714.29, 1.064958
126, 720.00, 1.064958
127, 725.71, 1.064958

LC并联数据，第一组：
Index, Time(ms), AIN1_AC_Volt
0, 0.00, 0.146197
1, 5.71, 0.146197
2, 11.43, 0.146197
3, 17.14, 0.146197
4, 22.86, 0.146197
5, 28.57, 0.224380
6, 34.29, 0.224380
7, 40.00, 0.224380
8, 45.71, 0.224380
9, 51.43, 0.224380
10, 57.14, 0.224380
11, 62.86, 0.392509
12, 68.57, 0.392509
13, 74.29, 0.392509
14, 80.00, 0.392509
15, 85.71, 0.392509
16, 91.43, 0.392509
17, 97.14, 0.614025
18, 102.86, 0.614025
19, 108.57, 0.614025
20, 114.29, 0.614025
21, 120.00, 0.614025
22, 125.71, 0.614025
23, 131.43, 0.614025
24, 137.14, 0.930499
25, 142.86, 0.930499
26, 148.57, 0.930499
27, 154.29, 0.930499
28, 160.00, 0.930499
29, 165.71, 0.930499
30, 171.43, 1.098992
31, 177.14, 1.098992
32, 182.86, 1.098992
33, 188.57, 1.098992
34, 194.29, 1.098992
35, 200.00, 1.098992
36, 205.71, 1.021824
37, 211.43, 1.021824
38, 217.14, 1.021824
39, 222.86, 1.021824
40, 228.57, 1.021824
41, 234.29, 1.021824
42, 240.00, 1.021824
43, 245.71, 0.846037
44, 251.43, 0.846037
45, 257.14, 0.846037
46, 262.86, 0.846037
47, 268.57, 0.846037
48, 274.29, 0.846037
49, 280.00, 0.710093
50, 285.71, 0.710093
51, 291.43, 0.710093
52, 297.14, 0.710093
53, 302.86, 0.710093
54, 308.57, 0.710093
55, 314.29, 0.603427
56, 320.00, 0.603427
57, 325.71, 0.603427
58, 331.43, 0.603427
59, 337.14, 0.603427
60, 342.86, 0.603427
61, 348.57, 0.603427
62, 354.29, 0.516255
63, 360.00, 0.516255
64, 365.71, 0.516255
65, 371.43, 0.516255
66, 377.14, 0.516255
67, 382.86, 0.516255
68, 388.57, 0.456996
69, 394.29, 0.456996
70, 400.00, 0.456996
71, 405.71, 0.456996
72, 411.43, 0.456996
73, 417.14, 0.456996
74, 422.86, 0.409951
75, 428.57, 0.409951
76, 434.29, 0.409951
77, 440.00, 0.409951
78, 445.71, 0.409951
79, 451.43, 0.409951
80, 457.14, 0.409951
81, 462.86, 0.368767
82, 468.57, 0.368767
83, 474.29, 0.368767
84, 480.00, 0.368767
85, 485.71, 0.368767
86, 491.43, 0.368767
87, 497.14, 0.338239
88, 502.86, 0.338239
89, 508.57, 0.338239
90, 514.29, 0.338239
91, 520.00, 0.338239
92, 525.71, 0.338239
93, 531.43, 0.312370
94, 537.14, 0.312370
95, 542.86, 0.312370
96, 548.57, 0.312370
97, 554.29, 0.312370
98, 560.00, 0.312370
99, 565.71, 0.312370
100, 571.43, 0.288261
101, 577.14, 0.288261
102, 582.86, 0.288261
103, 588.57, 0.288261
104, 594.29, 0.288261
105, 600.00, 0.288261
106, 605.71, 0.269475
107, 611.43, 0.269475
108, 617.14, 0.269475
109, 622.86, 0.269475
110, 628.57, 0.269475
111, 634.29, 0.269475
112, 640.00, 0.252972
113, 645.71, 0.252972
114, 651.43, 0.252972
115, 657.14, 0.252972
116, 662.86, 0.252972
117, 668.57, 0.252972
118, 674.29, 0.252972
119, 680.00, 0.236964
120, 685.71, 0.236964
121, 691.43, 0.236964
122, 697.14, 0.236964
123, 702.86, 0.236964
124, 708.57, 0.236964
125, 714.29, 0.224249
126, 720.00, 0.224249
127, 725.71, 0.224249

LC并联数据，第二组：
Index, Time(ms), AIN1_AC_Volt
0, 0.00, 0.085477
1, 5.71, 0.085477
2, 11.43, 0.085477
3, 17.14, 0.085477
4, 22.86, 0.085477
5, 28.57, 0.124939
6, 34.29, 0.124939
7, 40.00, 0.124939
8, 45.71, 0.124939
9, 51.43, 0.124939
10, 57.14, 0.124939
11, 62.86, 0.204083
12, 68.57, 0.204083
13, 74.29, 0.204083
14, 80.00, 0.204083
15, 85.71, 0.204083
16, 91.43, 0.204083
17, 97.14, 0.204083
18, 102.86, 0.314821
19, 108.57, 0.314821
20, 114.29, 0.314821
21, 120.00, 0.314821
22, 125.71, 0.314821
23, 131.43, 0.314821
24, 137.14, 0.438693
25, 142.86, 0.438693
26, 148.57, 0.438693
27, 154.29, 0.438693
28, 160.00, 0.438693
29, 165.71, 0.438693
30, 171.43, 0.607662
31, 177.14, 0.607662
32, 182.86, 0.607662
33, 188.57, 0.607662
34, 194.29, 0.607662
35, 200.00, 0.607662
36, 205.71, 0.607662
37, 211.43, 0.846601
38, 217.14, 0.846601
39, 222.86, 0.846601
40, 228.57, 0.846601
41, 234.29, 0.846601
42, 240.00, 0.846601
43, 245.71, 0.978576
44, 251.43, 0.978576
45, 257.14, 0.978576
46, 262.86, 0.978576
47, 268.57, 0.978576
48, 274.29, 0.978576
49, 280.00, 0.915539
50, 285.71, 0.915539
51, 291.43, 0.915539
52, 297.14, 0.915539
53, 302.86, 0.915539
54, 308.57, 0.915539
55, 314.29, 0.915539
56, 320.00, 0.767087
57, 325.71, 0.767087
58, 331.43, 0.767087
59, 337.14, 0.767087
60, 342.86, 0.767087
61, 348.57, 0.767087
62, 354.29, 0.644155
63, 360.00, 0.644155
64, 365.71, 0.644155
65, 371.43, 0.644155
66, 377.14, 0.644155
67, 382.86, 0.644155
68, 388.57, 0.547509
69, 394.29, 0.547509
70, 400.00, 0.547509
71, 405.71, 0.547509
72, 411.43, 0.547509
73, 417.14, 0.547509
74, 422.86, 0.547509
75, 428.57, 0.468274
76, 434.29, 0.468274
77, 440.00, 0.468274
78, 445.71, 0.468274
79, 451.43, 0.468274
80, 457.14, 0.468274
81, 462.86, 0.413693
82, 468.57, 0.413693
83, 474.29, 0.413693
84, 480.00, 0.413693
85, 485.71, 0.413693
86, 491.43, 0.413693
87, 497.14, 0.370636
88, 502.86, 0.370636
89, 508.57, 0.370636
90, 514.29, 0.370636
91, 520.00, 0.370636
92, 525.71, 0.370636
93, 531.43, 0.370636
94, 537.14, 0.332932
95, 542.86, 0.332932
96, 548.57, 0.332932
97, 554.29, 0.332932
98, 560.00, 0.332932
99, 565.71, 0.332932
100, 571.43, 0.305169
101, 577.14, 0.305169
102, 582.86, 0.305169
103, 588.57, 0.305169
104, 594.29, 0.305169
105, 600.00, 0.305169
106, 605.71, 0.281597
107, 611.43, 0.281597
108, 617.14, 0.281597
109, 622.86, 0.281597
110, 628.57, 0.281597
111, 634.29, 0.281597
112, 640.00, 0.281597
113, 645.71, 0.259843
114, 651.43, 0.259843
115, 657.14, 0.259843
116, 662.86, 0.259843
117, 668.57, 0.259843
118, 674.29, 0.259843
119, 680.00, 0.243029
120, 685.71, 0.243029
121, 691.43, 0.243029
122, 697.14, 0.243029
123, 702.86, 0.243029
124, 708.57, 0.243029
125, 714.29, 0.228203
126, 720.00, 0.228203
127, 725.71, 0.228203

LC并联数据，第三组：
Index, Time(ms), AIN1_AC_Volt
0, 0.00, 0.143094
1, 5.71, 0.143094
2, 11.43, 0.143094
3, 17.14, 0.202194
4, 22.86, 0.202194
5, 28.57, 0.202194
6, 34.29, 0.202194
7, 40.00, 0.202194
8, 45.71, 0.202194
9, 51.43, 0.412134
10, 57.14, 0.412134
11, 62.86, 0.412134
12, 68.57, 0.412134
13, 74.29, 0.412134
14, 80.00, 0.412134
15, 85.71, 0.412134
16, 91.43, 0.708392
17, 97.14, 0.708392
18, 102.86, 0.708392
19, 108.57, 0.708392
20, 114.29, 0.708392
21, 120.00, 0.708392
22, 125.71, 0.595761
23, 131.43, 0.595761
24, 137.14, 0.595761
25, 142.86, 0.595761
26, 148.57, 0.595761
27, 154.29, 0.595761
28, 160.00, 0.417797
29, 165.71, 0.417797
30, 171.43, 0.417797
31, 177.14, 0.417797
32, 182.86, 0.417797
33, 188.57, 0.417797
34, 194.29, 0.417797
35, 200.00, 0.314656
36, 205.71, 0.314656
37, 211.43, 0.314656
38, 217.14, 0.314656
39, 222.86, 0.314656
40, 228.57, 0.314656
41, 234.29, 0.247920
42, 240.00, 0.247920
43, 245.71, 0.247920
44, 251.43, 0.247920
45, 257.14, 0.247920
46, 262.86, 0.247920
47, 268.57, 0.208063
48, 274.29, 0.208063
49, 280.00, 0.208063
50, 285.71, 0.208063
51, 291.43, 0.208063
52, 297.14, 0.208063
53, 302.86, 0.208063
54, 308.57, 0.179221
55, 314.29, 0.179221
56, 320.00, 0.179221
57, 325.71, 0.179221
58, 331.43, 0.179221
59, 337.14, 0.179221
60, 342.86, 0.155336
61, 348.57, 0.155336
62, 354.29, 0.155336
63, 360.00, 0.155336
64, 365.71, 0.155336
65, 371.43, 0.155336
66, 377.14, 0.138357
67, 382.86, 0.138357
68, 388.57, 0.138357
69, 394.29, 0.138357
70, 400.00, 0.138357
71, 405.71, 0.138357
72, 411.43, 0.138357
73, 417.14, 0.124248
74, 422.86, 0.124248
75, 428.57, 0.124248
76, 434.29, 0.124248
77, 440.00, 0.124248
78, 445.71, 0.124248
79, 451.43, 0.110864
80, 457.14, 0.110864
81, 462.86, 0.110864
82, 468.57, 0.110864
83, 474.29, 0.110864
84, 480.00, 0.110864
85, 485.71, 0.100672
86, 491.43, 0.100672
87, 497.14, 0.100672
88, 502.86, 0.100672
89, 508.57, 0.100672
90, 514.29, 0.100672
91, 520.00, 0.100672
92, 525.71, 0.091529
93, 531.43, 0.091529
94, 537.14, 0.091529
95, 542.86, 0.091529
96, 548.57, 0.091529
97, 554.29, 0.091529
98, 560.00, 0.082330
99, 565.71, 0.082330
100, 571.43, 0.082330
101, 577.14, 0.082330
102, 582.86, 0.082330
103, 588.57, 0.082330
104, 594.29, 0.082330
105, 600.00, 0.074767
106, 605.71, 0.074767
107, 611.43, 0.074767
108, 617.14, 0.074767
109, 622.86, 0.074767
110, 628.57, 0.074767
111, 634.29, 0.067580
112, 640.00, 0.067580
113, 645.71, 0.067580
114, 651.43, 0.067580
115, 657.14, 0.067580
116, 662.86, 0.067580
117, 668.57, 0.059896
118, 674.29, 0.059896
119, 680.00, 0.059896
120, 685.71, 0.059896
121, 691.43, 0.059896
122, 697.14, 0.059896
123, 702.86, 0.059896
124, 708.57, 0.053053
125, 714.29, 0.053053
126, 720.00, 0.053053
127, 725.71, 0.053053

LC并联数据，第四组：
Index, Time(ms), AIN1_AC_Volt
0, 0.00, 0.086282
1, 5.71, 0.086282
2, 11.43, 0.086282
3, 17.14, 0.086282
4, 22.86, 0.121347
5, 28.57, 0.121347
6, 34.29, 0.121347
7, 40.00, 0.121347
8, 45.71, 0.121347
9, 51.43, 0.121347
10, 57.14, 0.216552
11, 62.86, 0.216552
12, 68.57, 0.216552
13, 74.29, 0.216552
14, 80.00, 0.216552
15, 85.71, 0.216552
16, 91.43, 0.372387
17, 97.14, 0.372387
18, 102.86, 0.372387
19, 108.57, 0.372387
20, 114.29, 0.372387
21, 120.00, 0.372387
22, 125.71, 0.372387
23, 131.43, 0.611898
24, 137.14, 0.611898
25, 142.86, 0.611898
26, 148.57, 0.611898
27, 154.29, 0.611898
28, 160.00, 0.611898
29, 165.71, 0.567384
30, 171.43, 0.567384
31, 177.14, 0.567384
32, 182.86, 0.567384
33, 188.57, 0.567384
34, 194.29, 0.567384
35, 200.00, 0.413354
36, 205.71, 0.413354
37, 211.43, 0.413354
38, 217.14, 0.413354
39, 222.86, 0.413354
40, 228.57, 0.413354
41, 234.29, 0.413354
42, 240.00, 0.303997
43, 245.71, 0.303997
44, 251.43, 0.303997
45, 257.14, 0.303997
46, 262.86, 0.303997
47, 268.57, 0.303997
48, 274.29, 0.244677
49, 280.00, 0.244677
50, 285.71, 0.244677
51, 291.43, 0.244677
52, 297.14, 0.244677
53, 302.86, 0.244677
54, 308.57, 0.204747
55, 314.29, 0.204747
56, 320.00, 0.204747
57, 325.71, 0.204747
58, 331.43, 0.204747
59, 337.14, 0.204747
60, 342.86, 0.204747
61, 348.57, 0.173424
62, 354.29, 0.173424
63, 360.00, 0.173424
64, 365.71, 0.173424
65, 371.43, 0.173424
66, 377.14, 0.173424
67, 382.86, 0.152099
68, 388.57, 0.152099
69, 394.29, 0.152099
70, 400.00, 0.152099
71, 405.71, 0.152099
72, 411.43, 0.152099
73, 417.14, 0.134935
74, 422.86, 0.134935
75, 428.57, 0.134935
76, 434.29, 0.134935
77, 440.00, 0.134935
78, 445.71, 0.134935
79, 451.43, 0.134935
80, 457.14, 0.119639
81, 462.86, 0.119639
82, 468.57, 0.119639
83, 474.29, 0.119639
84, 480.00, 0.119639
85, 485.71, 0.119639
86, 491.43, 0.107906
87, 497.14, 0.107906
88, 502.86, 0.107906
89, 508.57, 0.107906
90, 514.29, 0.107906
91, 520.00, 0.107906
92, 525.71, 0.097692
93, 531.43, 0.097692
94, 537.14, 0.097692
95, 542.86, 0.097692
96, 548.57, 0.097692
97, 554.29, 0.097692
98, 560.00, 0.097692
99, 565.71, 0.087786
100, 571.43, 0.087786
101, 577.14, 0.087786
102, 582.86, 0.087786
103, 588.57, 0.087786
104, 594.29, 0.087786
105, 600.00, 0.079635
106, 605.71, 0.079635
107, 611.43, 0.079635
108, 617.14, 0.079635
109, 622.86, 0.079635
110, 628.57, 0.079635
111, 634.29, 0.072030
112, 640.00, 0.072030
113, 645.71, 0.072030
114, 651.43, 0.072030
115, 657.14, 0.072030
116, 662.86, 0.072030
117, 668.57, 0.072030
118, 674.29, 0.064014
119, 680.00, 0.064014
120, 685.71, 0.064014
121, 691.43, 0.064014
122, 697.14, 0.064014
123, 702.86, 0.064014
124, 708.57, 0.057154
125, 714.29, 0.057154
126, 720.00, 0.057154
127, 725.71, 0.057154

RLC并联数据，第一组：
Index, Time(ms), AIN1_AC_Volt
0, 0.00, 0.082250
1, 5.71, 0.082250
2, 11.43, 0.082250
3, 17.14, 0.108852
4, 22.86, 0.108852
5, 28.57, 0.108852
6, 34.29, 0.108852
7, 40.00, 0.108852
8, 45.71, 0.108852
9, 51.43, 0.185888
10, 57.14, 0.185888
11, 62.86, 0.185888
12, 68.57, 0.185888
13, 74.29, 0.185888
14, 80.00, 0.185888
15, 85.71, 0.185888
16, 91.43, 0.297827
17, 97.14, 0.297827
18, 102.86, 0.297827
19, 108.57, 0.297827
20, 114.29, 0.297827
21, 120.00, 0.297827
22, 125.71, 0.419705
23, 131.43, 0.419705
24, 137.14, 0.419705
25, 142.86, 0.419705
26, 148.57, 0.419705
27, 154.29, 0.419705
28, 160.00, 0.578730
29, 165.71, 0.578730
30, 171.43, 0.578730
31, 177.14, 0.578730
32, 182.86, 0.578730
33, 188.57, 0.578730
34, 194.29, 0.578730
35, 200.00, 0.786145
36, 205.71, 0.786145
37, 211.43, 0.786145
38, 217.14, 0.786145
39, 222.86, 0.786145
40, 228.57, 0.786145
41, 234.29, 0.900931
42, 240.00, 0.900931
43, 245.71, 0.900931
44, 251.43, 0.900931
45, 257.14, 0.900931
46, 262.86, 0.900931
47, 268.57, 0.862425
48, 274.29, 0.862425
49, 280.00, 0.862425
50, 285.71, 0.862425
51, 291.43, 0.862425
52, 297.14, 0.862425
53, 302.86, 0.862425
54, 308.57, 0.742077
55, 314.29, 0.742077
56, 320.00, 0.742077
57, 325.71, 0.742077
58, 331.43, 0.742077
59, 337.14, 0.742077
60, 342.86, 0.632425
61, 348.57, 0.632425
62, 354.29, 0.632425
63, 360.00, 0.632425
64, 365.71, 0.632425
65, 371.43, 0.632425
66, 377.14, 0.543450
67, 382.86, 0.543450
68, 388.57, 0.543450
69, 394.29, 0.543450
70, 400.00, 0.543450
71, 405.71, 0.543450
72, 411.43, 0.543450
73, 417.14, 0.467968
74, 422.86, 0.467968
75, 428.57, 0.467968
76, 434.29, 0.467968
77, 440.00, 0.467968
78, 445.71, 0.467968
79, 451.43, 0.415851
80, 457.14, 0.415851
81, 462.86, 0.415851
82, 468.57, 0.415851
83, 474.29, 0.415851
84, 480.00, 0.415851
85, 485.71, 0.373999
86, 491.43, 0.373999
87, 497.14, 0.373999
88, 502.86, 0.373999
89, 508.57, 0.373999
90, 514.29, 0.373999
91, 520.00, 0.373999
92, 525.71, 0.336620
93, 531.43, 0.336620
94, 537.14, 0.336620
95, 542.86, 0.336620
96, 548.57, 0.336620
97, 554.29, 0.336620
98, 560.00, 0.309138
99, 565.71, 0.309138
100, 571.43, 0.309138
101, 577.14, 0.309138
102, 582.86, 0.309138
103, 588.57, 0.309138
104, 594.29, 0.285862
105, 600.00, 0.285862
106, 605.71, 0.285862
107, 611.43, 0.285862
108, 617.14, 0.285862
109, 622.86, 0.285862
110, 628.57, 0.285862
111, 634.29, 0.263979
112, 640.00, 0.263979
113, 645.71, 0.263979
114, 651.43, 0.263979
115, 657.14, 0.263979
116, 662.86, 0.263979
117, 668.57, 0.247105
118, 674.29, 0.247105
119, 680.00, 0.247105
120, 685.71, 0.247105
121, 691.43, 0.247105
122, 697.14, 0.247105
123, 702.86, 0.232187
124, 708.57, 0.232187
125, 714.29, 0.232187
126, 720.00, 0.232187
127, 725.71, 0.232187

RLC并联数据，第二组：
Index, Time(ms), AIN1_AC_Volt
0, 0.00, 0.148079
1, 5.71, 0.148079
2, 11.43, 0.169406
3, 17.14, 0.169406
4, 22.86, 0.169406
5, 28.57, 0.169406
6, 34.29, 0.169406
7, 40.00, 0.169406
8, 45.71, 0.347126
9, 51.43, 0.347126
10, 57.14, 0.347126
11, 62.86, 0.347126
12, 68.57, 0.347126
13, 74.29, 0.347126
14, 80.00, 0.629124
15, 85.71, 0.629124
16, 91.43, 0.629124
17, 97.14, 0.629124
18, 102.86, 0.629124
19, 108.57, 0.629124
20, 114.29, 0.629124
21, 120.00, 0.610009
22, 125.71, 0.610009
23, 131.43, 0.610009
24, 137.14, 0.610009
25, 142.86, 0.610009
26, 148.57, 0.610009
27, 154.29, 0.435414
28, 160.00, 0.435414
29, 165.71, 0.435414
30, 171.43, 0.435414
31, 177.14, 0.435414
32, 182.86, 0.435414
33, 188.57, 0.325908
34, 194.29, 0.325908
35, 200.00, 0.325908
36, 205.71, 0.325908
37, 211.43, 0.325908
38, 217.14, 0.325908
39, 222.86, 0.325908
40, 228.57, 0.254743
41, 234.29, 0.254743
42, 240.00, 0.254743
43, 245.71, 0.254743
44, 251.43, 0.254743
45, 257.14, 0.254743
46, 262.86, 0.213135
47, 268.57, 0.213135
48, 274.29, 0.213135
49, 280.00, 0.213135
50, 285.71, 0.213135
51, 291.43, 0.213135
52, 297.14, 0.183135
53, 302.86, 0.183135
54, 308.57, 0.183135
55, 314.29, 0.183135
56, 320.00, 0.183135
57, 325.71, 0.183135
58, 331.43, 0.183135
59, 337.14, 0.158197
60, 342.86, 0.158197
61, 348.57, 0.158197
62, 354.29, 0.158197
63, 360.00, 0.158197
64, 365.71, 0.158197
65, 371.43, 0.140497
66, 377.14, 0.140497
67, 382.86, 0.140497
68, 388.57, 0.140497
69, 394.29, 0.140497
70, 400.00, 0.140497
71, 405.71, 0.125869
72, 411.43, 0.125869
73, 417.14, 0.125869
74, 422.86, 0.125869
75, 428.57, 0.125869
76, 434.29, 0.125869
77, 440.00, 0.125869
78, 445.71, 0.112215
79, 451.43, 0.112215
80, 457.14, 0.112215
81, 462.86, 0.112215
82, 468.57, 0.112215
83, 474.29, 0.112215
84, 480.00, 0.101612
85, 485.71, 0.101612
86, 491.43, 0.101612
87, 497.14, 0.101612
88, 502.86, 0.101612
89, 508.57, 0.101612
90, 514.29, 0.092264
91, 520.00, 0.092264
92, 525.71, 0.092264
93, 531.43, 0.092264
94, 537.14, 0.092264
95, 542.86, 0.092264
96, 548.57, 0.092264
97, 554.29, 0.082969
98, 560.00, 0.082969
99, 565.71, 0.082969
100, 571.43, 0.082969
101, 577.14, 0.082969
102, 582.86, 0.082969
103, 588.57, 0.075250
104, 594.29, 0.075250
105, 600.00, 0.075250
106, 605.71, 0.075250
107, 611.43, 0.075250
108, 617.14, 0.075250
109, 622.86, 0.067960
110, 628.57, 0.067960
111, 634.29, 0.067960
112, 640.00, 0.067960
113, 645.71, 0.067960
114, 651.43, 0.067960
115, 657.14, 0.067960
116, 662.86, 0.060195
117, 668.57, 0.060195
118, 674.29, 0.060195
119, 680.00, 0.060195
120, 685.71, 0.060195
121, 691.43, 0.060195
122, 697.14, 0.053225
123, 702.86, 0.053225
124, 708.57, 0.053225
125, 714.29, 0.053225
126, 720.00, 0.053225
127, 725.71, 0.053225

RLC并联数据，第三组：
Index, Time(ms), AIN1_AC_Volt
0, 0.00, 0.142713
1, 5.71, 0.142713
2, 11.43, 0.142713
3, 17.14, 0.142713
4, 22.86, 0.142713
5, 28.57, 0.248044
6, 34.29, 0.248044
7, 40.00, 0.248044
8, 45.71, 0.248044
9, 51.43, 0.248044
10, 57.14, 0.248044
11, 62.86, 0.496658
12, 68.57, 0.496658
13, 74.29, 0.496658
14, 80.00, 0.496658
15, 85.71, 0.496658
16, 91.43, 0.496658
17, 97.14, 0.732817
18, 102.86, 0.732817
19, 108.57, 0.732817
20, 114.29, 0.732817
21, 120.00, 0.732817
22, 125.71, 0.732817
23, 131.43, 0.732817
24, 137.14, 0.542391
25, 142.86, 0.542391
26, 148.57, 0.542391
27, 154.29, 0.542391
28, 160.00, 0.542391
29, 165.71, 0.542391
30, 171.43, 0.386161
31, 177.14, 0.386161
32, 182.86, 0.386161
33, 188.57, 0.386161
34, 194.29, 0.386161
35, 200.00, 0.386161
36, 205.71, 0.296533
37, 211.43, 0.296533
38, 217.14, 0.296533
39, 222.86, 0.296533
40, 228.57, 0.296533
41, 234.29, 0.296533
42, 240.00, 0.296533
43, 245.71, 0.236266
44, 251.43, 0.236266
45, 257.14, 0.236266
46, 262.86, 0.236266
47, 268.57, 0.236266
48, 274.29, 0.236266
49, 280.00, 0.199789
50, 285.71, 0.199789
51, 291.43, 0.199789
52, 297.14, 0.199789
53, 302.86, 0.199789
54, 308.57, 0.199789
55, 314.29, 0.172819
56, 320.00, 0.172819
57, 325.71, 0.172819
58, 331.43, 0.172819
59, 337.14, 0.172819
60, 342.86, 0.172819
61, 348.57, 0.172819
62, 354.29, 0.150168
63, 360.00, 0.150168
64, 365.71, 0.150168
65, 371.43, 0.150168
66, 377.14, 0.150168
67, 382.86, 0.150168
68, 388.57, 0.133870
69, 394.29, 0.133870
70, 400.00, 0.133870
71, 405.71, 0.133870
72, 411.43, 0.133870
73, 417.14, 0.133870
74, 422.86, 0.133870
75, 428.57, 0.120156
76, 434.29, 0.120156
77, 440.00, 0.120156
78, 445.71, 0.120156
79, 451.43, 0.120156
80, 457.14, 0.120156
81, 462.86, 0.107380
82, 468.57, 0.107380
83, 474.29, 0.107380
84, 480.00, 0.107380
85, 485.71, 0.107380
86, 491.43, 0.107380
87, 497.14, 0.097367
88, 502.86, 0.097367
89, 508.57, 0.097367
90, 514.29, 0.097367
91, 520.00, 0.097367
92, 525.71, 0.097367
93, 531.43, 0.097367
94, 537.14, 0.088399
95, 542.86, 0.088399
96, 548.57, 0.088399
97, 554.29, 0.088399
98, 560.00, 0.088399
99, 565.71, 0.088399
100, 571.43, 0.079324
101, 577.14, 0.079324
102, 582.86, 0.079324
103, 588.57, 0.079324
104, 594.29, 0.079324
105, 600.00, 0.079324
106, 605.71, 0.079324
107, 611.43, 0.071808
108, 617.14, 0.071808
109, 622.86, 0.071808
110, 628.57, 0.071808
111, 634.29, 0.071808
112, 640.00, 0.071808
113, 645.71, 0.064612
114, 651.43, 0.064612
115, 657.14, 0.064612
116, 662.86, 0.064612
117, 668.57, 0.064612
118, 674.29, 0.064612
119, 680.00, 0.056904
120, 685.71, 0.056904
121, 691.43, 0.056904
122, 697.14, 0.056904
123, 702.86, 0.056904
124, 708.57, 0.056904
125, 714.29, 0.056904
126, 720.00, 0.049804
127, 725.71, 0.049804


RL并联识别错误数据，第一组：
Index, Time(ms), AIN1_AC_Volt
0, 0.00, 0.081802
1, 5.71, 0.081802
2, 11.43, 0.081802
3, 17.14, 0.081802
4, 22.86, 0.081802
5, 28.57, 0.081802
6, 34.29, 0.081802
7, 40.00, 0.163347
8, 45.71, 0.163347
9, 51.43, 0.163347
10, 57.14, 0.163347
11, 62.86, 0.163347
12, 68.57, 0.163347
13, 74.29, 0.290615
14, 80.00, 0.290615
15, 85.71, 0.290615
16, 91.43, 0.290615
17, 97.14, 0.290615
18, 102.86, 0.290615
19, 108.57, 0.505396
20, 114.29, 0.505396
21, 120.00, 0.505396
22, 125.71, 0.505396
23, 131.43, 0.505396
24, 137.14, 0.505396
25, 142.86, 0.505396
26, 148.57, 0.628883
27, 154.29, 0.628883
28, 160.00, 0.628883
29, 165.71, 0.628883
30, 171.43, 0.628883
31, 177.14, 0.628883
32, 182.86, 0.628883
33, 188.57, 0.472295
34, 194.29, 0.472295
35, 200.00, 0.472295
36, 205.71, 0.472295
37, 211.43, 0.472295
38, 217.14, 0.472295
39, 222.86, 0.346135
40, 228.57, 0.346135
41, 234.29, 0.346135
42, 240.00, 0.346135
43, 245.71, 0.346135
44, 251.43, 0.346135
45, 257.14, 0.346135
46, 262.86, 0.264061
47, 268.57, 0.264061
48, 274.29, 0.264061
49, 280.00, 0.264061
50, 285.71, 0.264061
51, 291.43, 0.264061
52, 297.14, 0.217560
53, 302.86, 0.217560
54, 308.57, 0.217560
55, 314.29, 0.217560
56, 320.00, 0.217560
57, 325.71, 0.217560
58, 331.43, 0.217560
59, 337.14, 0.184858
60, 342.86, 0.184858
61, 348.57, 0.184858
62, 354.29, 0.184858
63, 360.00, 0.184858
64, 365.71, 0.184858
65, 371.43, 0.184858
66, 377.14, 0.158468
67, 382.86, 0.158468
68, 388.57, 0.158468
69, 394.29, 0.158468
70, 400.00, 0.158468
71, 405.71, 0.158468
72, 411.43, 0.140056
73, 417.14, 0.140056
74, 422.86, 0.140056
75, 428.57, 0.140056
76, 434.29, 0.140056
77, 440.00, 0.140056
78, 445.71, 0.125101
79, 451.43, 0.125101
80, 457.14, 0.125101
81, 462.86, 0.125101
82, 468.57, 0.125101
83, 474.29, 0.125101
84, 480.00, 0.125101
85, 485.71, 0.111244
86, 491.43, 0.111244
87, 497.14, 0.111244
88, 502.86, 0.111244
89, 508.57, 0.111244
90, 514.29, 0.111244
91, 520.00, 0.111244
92, 525.71, 0.100648
93, 531.43, 0.100648
94, 537.14, 0.100648
95, 542.86, 0.100648
96, 548.57, 0.100648
97, 554.29, 0.100648
98, 560.00, 0.091179
99, 565.71, 0.091179
100, 571.43, 0.091179
101, 577.14, 0.091179
102, 582.86, 0.091179
103, 588.57, 0.091179
104, 594.29, 0.091179
105, 600.00, 0.081766
106, 605.71, 0.081766
107, 611.43, 0.081766
108, 617.14, 0.081766
109, 622.86, 0.081766
110, 628.57, 0.081766
111, 634.29, 0.074030
112, 640.00, 0.074030
113, 645.71, 0.074030
114, 651.43, 0.074030
115, 657.14, 0.074030
116, 662.86, 0.074030
117, 668.57, 0.074030
118, 674.29, 0.066847
119, 680.00, 0.066847
120, 685.71, 0.066847
121, 691.43, 0.066847
122, 697.14, 0.066847
123, 702.86, 0.066847
124, 708.57, 0.066847
125, 714.29, 0.058894
126, 720.00, 0.058894
127, 725.71, 0.058894

负载网络诊断信息 (模式1):
最大电压: 0.628883
最大电压位置: 26.00
末尾/起始电压比: 0.606608
峰值特征: 是
Q值: 1.44
模式1检测到: RLC并联 (LoadNetType = 8)

RL并联识别错误数据，第二组：
Index, Time(ms), AIN1_AC_Volt
0, 0.00, 0.148643
1, 5.71, 0.148643
2, 11.43, 0.148643
3, 17.14, 0.148643
4, 22.86, 0.148643
5, 28.57, 0.148643
6, 34.29, 0.274793
7, 40.00, 0.274793
8, 45.71, 0.274793
9, 51.43, 0.274793
10, 57.14, 0.274793
11, 62.86, 0.274793
12, 68.57, 0.557447
13, 74.29, 0.557447
14, 80.00, 0.557447
15, 85.71, 0.557447
16, 91.43, 0.557447
17, 97.14, 0.557447
18, 102.86, 0.557447
19, 108.57, 0.710793
20, 114.29, 0.710793
21, 120.00, 0.710793
22, 125.71, 0.710793
23, 131.43, 0.710793
24, 137.14, 0.710793
25, 142.86, 0.500464
26, 148.57, 0.500464
27, 154.29, 0.500464
28, 160.00, 0.500464
29, 165.71, 0.500464
30, 171.43, 0.500464
31, 177.14, 0.500464
32, 182.86, 0.359155
33, 188.57, 0.359155
34, 194.29, 0.359155
35, 200.00, 0.359155
36, 205.71, 0.359155
37, 211.43, 0.359155
38, 217.14, 0.359155
39, 222.86, 0.272784
40, 228.57, 0.272784
41, 234.29, 0.272784
42, 240.00, 0.272784
43, 245.71, 0.272784
44, 251.43, 0.272784
45, 257.14, 0.224911
46, 262.86, 0.224911
47, 268.57, 0.224911
48, 274.29, 0.224911
49, 280.00, 0.224911
50, 285.71, 0.224911
51, 291.43, 0.191094
52, 297.14, 0.191094
53, 302.86, 0.191094
54, 308.57, 0.191094
55, 314.29, 0.191094
56, 320.00, 0.191094
57, 325.71, 0.191094
58, 331.43, 0.163802
59, 337.14, 0.163802
60, 342.86, 0.163802
61, 348.57, 0.163802
62, 354.29, 0.163802
63, 360.00, 0.163802
64, 365.71, 0.163802
65, 371.43, 0.144799
66, 377.14, 0.144799
67, 382.86, 0.144799
68, 388.57, 0.144799
69, 394.29, 0.144799
70, 400.00, 0.144799
71, 405.71, 0.129260
72, 411.43, 0.129260
73, 417.14, 0.129260
74, 422.86, 0.129260
75, 428.57, 0.129260
76, 434.29, 0.129260
77, 440.00, 0.129260
78, 445.71, 0.114978
79, 451.43, 0.114978
80, 457.14, 0.114978
81, 462.86, 0.114978
82, 468.57, 0.114978
83, 474.29, 0.114978
84, 480.00, 0.104011
85, 485.71, 0.104011
86, 491.43, 0.104011
87, 497.14, 0.104011
88, 502.86, 0.104011
89, 508.57, 0.104011
90, 514.29, 0.104011
91, 520.00, 0.094274
92, 525.71, 0.094274
93, 531.43, 0.094274
94, 537.14, 0.094274
95, 542.86, 0.094274
96, 548.57, 0.094274
97, 554.29, 0.094274
98, 560.00, 0.084632
99, 565.71, 0.084632
100, 571.43, 0.084632
101, 577.14, 0.084632
102, 582.86, 0.084632
103, 588.57, 0.084632
104, 594.29, 0.076684
105, 600.00, 0.076684
106, 605.71, 0.076684
107, 611.43, 0.076684
108, 617.14, 0.076684
109, 622.86, 0.076684
110, 628.57, 0.069275
111, 634.29, 0.069275
112, 640.00, 0.069275
113, 645.71, 0.069275
114, 651.43, 0.069275
115, 657.14, 0.069275
116, 662.86, 0.069275
117, 668.57, 0.061415
118, 674.29, 0.061415
119, 680.00, 0.061415
120, 685.71, 0.061415
121, 691.43, 0.061415
122, 697.14, 0.061415
123, 702.86, 0.061415
124, 708.57, 0.054483
125, 714.29, 0.054483
126, 720.00, 0.054483
127, 725.71, 0.054483

负载网络诊断信息 (模式1):
最大电压: 0.710793
最大电压位置: 19.00
末尾/起始电压比: 0.294532
峰值特征: 是
Q值: 1.69
模式1检测到: RLC并联 (LoadNetType = 8)

RL并联识别错误数据，第三组：
Index, Time(ms), AIN1_AC_Volt
0, 0.00, 0.085236
1, 5.71, 0.085236
2, 11.43, 0.100227
3, 17.14, 0.100227
4, 22.86, 0.100227
5, 28.57, 0.100227
6, 34.29, 0.100227
7, 40.00, 0.100227
8, 45.71, 0.100227
9, 51.43, 0.180134
10, 57.14, 0.180134
11, 62.86, 0.180134
12, 68.57, 0.180134
13, 74.29, 0.180134
14, 80.00, 0.180134
15, 85.71, 0.180134
16, 91.43, 0.276779
17, 97.14, 0.276779
18, 102.86, 0.276779
19, 108.57, 0.276779
20, 114.29, 0.276779
21, 120.00, 0.276779
22, 125.71, 0.397351
23, 131.43, 0.397351
24, 137.14, 0.397351
25, 142.86, 0.397351
26, 148.57, 0.397351
27, 154.29, 0.397351
28, 160.00, 0.397351
29, 165.71, 0.577538
30, 171.43, 0.577538
31, 177.14, 0.577538
32, 182.86, 0.577538
33, 188.57, 0.577538
34, 194.29, 0.577538
35, 200.00, 0.795466
36, 205.71, 0.795466
37, 211.43, 0.795466
38, 217.14, 0.795466
39, 222.86, 0.795466
40, 228.57, 0.795466
41, 234.29, 0.795466
42, 240.00, 0.976446
43, 245.71, 0.976446
44, 251.43, 0.976446
45, 257.14, 0.976446
46, 262.86, 0.976446
47, 268.57, 0.976446
48, 274.29, 0.976446
49, 280.00, 0.935971
50, 285.71, 0.935971
51, 291.43, 0.935971
52, 297.14, 0.935971
53, 302.86, 0.935971
54, 308.57, 0.935971
55, 314.29, 0.800474
56, 320.00, 0.800474
57, 325.71, 0.800474
58, 331.43, 0.800474
59, 337.14, 0.800474
60, 342.86, 0.800474
61, 348.57, 0.667845
62, 354.29, 0.667845
63, 360.00, 0.667845
64, 365.71, 0.667845
65, 371.43, 0.667845
66, 377.14, 0.667845
67, 382.86, 0.667845
68, 388.57, 0.554808
69, 394.29, 0.554808
70, 400.00, 0.554808
71, 405.71, 0.554808
72, 411.43, 0.554808
73, 417.14, 0.554808
74, 422.86, 0.479458
75, 428.57, 0.479458
76, 434.29, 0.479458
77, 440.00, 0.479458
78, 445.71, 0.479458
79, 451.43, 0.479458
80, 457.14, 0.479458
81, 462.86, 0.421898
82, 468.57, 0.421898
83, 474.29, 0.421898
84, 480.00, 0.421898
85, 485.71, 0.421898
86, 491.43, 0.421898
87, 497.14, 0.421898
88, 502.86, 0.372507
89, 508.57, 0.372507
90, 514.29, 0.372507
91, 520.00, 0.372507
92, 525.71, 0.372507
93, 531.43, 0.372507
94, 537.14, 0.337426
95, 542.86, 0.337426
96, 548.57, 0.337426
97, 554.29, 0.337426
98, 560.00, 0.337426
99, 565.71, 0.337426
100, 571.43, 0.308477
101, 577.14, 0.308477
102, 582.86, 0.308477
103, 588.57, 0.308477
104, 594.29, 0.308477
105, 600.00, 0.308477
106, 605.71, 0.308477
107, 611.43, 0.282050
108, 617.14, 0.282050
109, 622.86, 0.282050
110, 628.57, 0.282050
111, 634.29, 0.282050
112, 640.00, 0.282050
113, 645.71, 0.282050
114, 651.43, 0.261956
115, 657.14, 0.261956
116, 662.86, 0.261956
117, 668.57, 0.261956
118, 674.29, 0.261956
119, 680.00, 0.261956
120, 685.71, 0.244688
121, 691.43, 0.244688
122, 697.14, 0.244688
123, 702.86, 0.244688
124, 708.57, 0.244688
125, 714.29, 0.244688
126, 720.00, 0.244688
127, 725.71, 0.227993

负载网络诊断信息 (模式1):
最大电压: 0.976446
最大电压位置: 42.00
末尾/起始电压比: 2.342448
峰值特征: 是
Q值: 1.73
模式1检测到: RLC并联 (LoadNetType = 8)

RL并联识别错误数据，第四组：
Index, Time(ms), AIN1_AC_Volt
0, 0.00, 0.144330
1, 5.71, 0.144330
2, 11.43, 0.169496
3, 17.14, 0.169496
4, 22.86, 0.169496
5, 28.57, 0.169496
6, 34.29, 0.169496
7, 40.00, 0.169496
8, 45.71, 0.320207
9, 51.43, 0.320207
10, 57.14, 0.320207
11, 62.86, 0.320207
12, 68.57, 0.320207
13, 74.29, 0.320207
14, 80.00, 0.320207
15, 85.71, 0.528427
16, 91.43, 0.528427
17, 97.14, 0.528427
18, 102.86, 0.528427
19, 108.57, 0.528427
20, 114.29, 0.528427
21, 120.00, 0.528427
22, 125.71, 0.831767
23, 131.43, 0.831767
24, 137.14, 0.831767
25, 142.86, 0.831767
26, 148.57, 0.831767
27, 154.29, 0.831767
28, 160.00, 1.081311
29, 165.71, 1.081311
30, 171.43, 1.081311
31, 177.14, 1.081311
32, 182.86, 1.081311
33, 188.57, 1.081311
34, 194.29, 1.066821
35, 200.00, 1.066821
36, 205.71, 1.066821
37, 211.43, 1.066821
38, 217.14, 1.066821
39, 222.86, 1.066821
40, 228.57, 1.066821
41, 234.29, 0.889908
42, 240.00, 0.889908
43, 245.71, 0.889908
44, 251.43, 0.889908
45, 257.14, 0.889908
46, 262.86, 0.889908
47, 268.57, 0.743261
48, 274.29, 0.743261
49, 280.00, 0.743261
50, 285.71, 0.743261
51, 291.43, 0.743261
52, 297.14, 0.743261
53, 302.86, 0.743261
54, 308.57, 0.625883
55, 314.29, 0.625883
56, 320.00, 0.625883
57, 325.71, 0.625883
58, 331.43, 0.625883
59, 337.14, 0.625883
60, 342.86, 0.625883
61, 348.57, 0.531049
62, 354.29, 0.531049
63, 360.00, 0.531049
64, 365.71, 0.531049
65, 371.43, 0.531049
66, 377.14, 0.531049
67, 382.86, 0.467444
68, 388.57, 0.467444
69, 394.29, 0.467444
70, 400.00, 0.467444
71, 405.71, 0.467444
72, 411.43, 0.467444
73, 417.14, 0.417515
74, 422.86, 0.417515
75, 428.57, 0.417515
76, 434.29, 0.417515
77, 440.00, 0.417515
78, 445.71, 0.417515
79, 451.43, 0.417515
80, 457.14, 0.373747
81, 462.86, 0.373747
82, 468.57, 0.373747
83, 474.29, 0.373747
84, 480.00, 0.373747
85, 485.71, 0.373747
86, 491.43, 0.373747
87, 497.14, 0.341905
88, 502.86, 0.341905
89, 508.57, 0.341905
90, 514.29, 0.341905
91, 520.00, 0.341905
92, 525.71, 0.341905
93, 531.43, 0.315037
94, 537.14, 0.315037
95, 542.86, 0.315037
96, 548.57, 0.315037
97, 554.29, 0.315037
98, 560.00, 0.315037
99, 565.71, 0.315037
100, 571.43, 0.289952
101, 577.14, 0.289952
102, 582.86, 0.289952
103, 588.57, 0.289952
104, 594.29, 0.289952
105, 600.00, 0.289952
106, 605.71, 0.270703
107, 611.43, 0.270703
108, 617.14, 0.270703
109, 622.86, 0.270703
110, 628.57, 0.270703
111, 634.29, 0.270703
112, 640.00, 0.270703
113, 645.71, 0.253798
114, 651.43, 0.253798
115, 657.14, 0.253798
116, 662.86, 0.253798
117, 668.57, 0.253798
118, 674.29, 0.253798
119, 680.00, 0.253798
120, 685.71, 0.237450
121, 691.43, 0.237450
122, 697.14, 0.237450
123, 702.86, 0.237450
124, 708.57, 0.237450
125, 714.29, 0.237450
126, 720.00, 0.224419
127, 725.71, 0.224419

负载网络诊断信息 (模式1):
最大电压: 1.081311
最大电压位置: 28.00
末尾/起始电压比: 1.223572
峰值特征: 是
Q值: 1.22
模式1检测到: RLC并联 (LoadNetType = 8)

以下是LC并联和RLC并联的Q值测试数据：
LC并联第一组：1.27；1.29；1.33；1.42
LC并联第二组：1.52；1.76；1.67；1.70
LC并联第三组：1.76；1.55；1.78；1.54
LC并联第四组：1.46；1.41；1.46；1.42

RLC并联第一组：1.55；1.40；1.52；1.47
RLC并联第二组：1.21；1.25；1.28；1.24
RLC并联第三组：1.54；1.42；1.42；1.46


负载网络诊断信息:
最大电压: 0.435192
最小电压: 0.426393
平均电压: 0.428405
电压方差: 0.000002
首尾比值: 0.996194
下降比值: 0.043519
模式3检测到: RC串联 (LoadNetType = 1)

负载网络诊断信息:
最大电压: 1.192116
最小电压: 0.426299
平均电压: 0.441170
电压方差: 0.009836
首尾比值: 1.123417
下降比值: 0.042916
模式3检测到: RLC串联 (LoadNetType = 3)