RC串联被识别为开路：
Index, Time(ms), AIN1_AC_Volt
0, 0.00, 0.451442
1, 5.71, 0.448705
2, 11.43, 0.431440
3, 17.14, 0.428883
4, 22.86, 0.428494
5, 28.57, 0.428294
6, 34.29, 0.428214
7, 40.00, 0.428201
8, 45.71, 0.428175
9, 51.43, 0.428106
10, 57.14, 0.428093
11, 62.86, 0.428080
12, 68.57, 0.428025
13, 74.29, 0.428083
14, 80.00, 0.428077
15, 85.71, 0.428012
16, 91.43, 0.428045
17, 97.14, 0.428031
18, 102.86, 0.428014
19, 108.57, 0.427987
20, 114.29, 0.427942
21, 120.00, 0.427956
22, 125.71, 0.427978
23, 131.43, 0.427947
24, 137.14, 0.427923
25, 142.86, 0.427941
26, 148.57, 0.427935
27, 154.29, 0.427907
28, 160.00, 0.427907
29, 165.71, 0.427897
30, 171.43, 0.427876
31, 177.14, 0.427877
32, 182.86, 0.427895
33, 188.57, 0.427857
34, 194.29, 0.427837
35, 200.00, 0.427829
36, 205.71, 0.427831
37, 211.43, 0.427828
38, 217.14, 0.427836
39, 222.86, 0.427839
40, 228.57, 0.427839
41, 234.29, 0.427851
42, 240.00, 0.427857
43, 245.71, 0.427815
44, 251.43, 0.427840
45, 257.14, 0.427830
46, 262.86, 0.427796
47, 268.57, 0.427799
48, 274.29, 0.427780
49, 280.00, 0.427759
50, 285.71, 0.427764
51, 291.43, 0.427755
52, 297.14, 0.427728
53, 302.86, 0.427777
54, 308.57, 0.427744
55, 314.29, 0.427753
56, 320.00, 0.427717
57, 325.71, 0.427755
58, 331.43, 0.427678
59, 337.14, 0.427722
60, 342.86, 0.427713
61, 348.57, 0.427702
62, 354.29, 0.427695
63, 360.00, 0.427693
64, 365.71, 0.427693
65, 371.43, 0.427692
66, 377.14, 0.427649
67, 382.86, 0.427605
68, 388.57, 0.427633
69, 394.29, 0.427617
70, 400.00, 0.427614
71, 405.71, 0.427628
72, 411.43, 0.427624
73, 417.14, 0.427601
74, 422.86, 0.427603
75, 428.57, 0.427546
76, 434.29, 0.427530
77, 440.00, 0.427579
78, 445.71, 0.427563
79, 451.43, 0.427577
80, 457.14, 0.427548
81, 462.86, 0.427507
82, 468.57, 0.427517
83, 474.29, 0.427492
84, 480.00, 0.427468
85, 485.71, 0.427475
86, 491.43, 0.427472
87, 497.14, 0.427479
88, 502.86, 0.427435
89, 508.57, 0.427452
90, 514.29, 0.427393
91, 520.00, 0.427439
92, 525.71, 0.427438
93, 531.43, 0.427394
94, 537.14, 0.427364
95, 542.86, 0.427352
96, 548.57, 0.427354
97, 554.29, 0.427360
98, 560.00, 0.427349
99, 565.71, 0.427369
100, 571.43, 0.427322
101, 577.14, 0.427351
102, 582.86, 0.427327
103, 588.57, 0.427301
104, 594.29, 0.427273
105, 600.00, 0.427262
106, 605.71, 0.427218
107, 611.43, 0.427271
108, 617.14, 0.427240
109, 622.86, 0.427229
110, 628.57, 0.427219
111, 634.29, 0.427209
112, 640.00, 0.427184
113, 645.71, 0.427184
114, 651.43, 0.427170
115, 657.14, 0.427166
116, 662.86, 0.427179
117, 668.57, 0.427176
118, 674.29, 0.427162
119, 680.00, 0.427152
120, 685.71, 0.586850
121, 691.43, 1.309711
122, 697.14, 1.261793

负载网络诊断信息:
最大电压: 1.309711
最小电压: 0.427152
平均电压: 0.443317
电压方差: 0.011951
后段方差: 0.000000
首尾比值: 0.994429
整体斜率: 0.00070335
前段斜率: -0.00008312
后段斜率: 0.00281279
平稳下降特征: 否
下降比值: 0.045144
初始高点数: 0
负载网络判断不明确，默认为开路

RC串联被识别为开路：
Index, Time(ms), AIN1_AC_Volt
0, 0.00, 1.054224
1, 5.71, 1.053830
2, 11.43, 1.053021
3, 17.14, 1.052940
4, 22.86, 1.052904
5, 28.57, 1.052900
6, 34.29, 1.052845
7, 40.00, 1.052849
8, 45.71, 1.052752
9, 51.43, 1.052795
10, 57.14, 1.052774
11, 62.86, 1.052726
12, 68.57, 1.052740
13, 74.29, 1.052716
14, 80.00, 1.052656
15, 85.71, 1.052631
16, 91.43, 1.052499
17, 97.14, 1.052491
18, 102.86, 1.052485
19, 108.57, 1.052469
20, 114.29, 1.052414
21, 120.00, 1.052359
22, 125.71, 1.052358
23, 131.43, 1.052299
24, 137.14, 1.052248
25, 142.86, 1.052203
26, 148.57, 1.052140
27, 154.29, 1.052095
28, 160.00, 1.052041
29, 165.71, 1.052055
30, 171.43, 1.051985
31, 177.14, 1.051866
32, 182.86, 1.051813
33, 188.57, 1.051820
34, 194.29, 1.051696
35, 200.00, 1.051693
36, 205.71, 1.051671
37, 211.43, 1.051514
38, 217.14, 1.051468
39, 222.86, 1.051425
40, 228.57, 1.051355
41, 234.29, 1.051254
42, 240.00, 1.051211
43, 245.71, 1.051136
44, 251.43, 1.051029
45, 257.14, 1.051020
46, 262.86, 1.050921
47, 268.57, 1.050896
48, 274.29, 1.050786
49, 280.00, 1.050678
50, 285.71, 1.050636
51, 291.43, 1.050528
52, 297.14, 1.050456
53, 302.86, 1.050328
54, 308.57, 1.050303
55, 314.29, 1.050221
56, 320.00, 1.050173
57, 325.71, 1.050070
58, 331.43, 1.050024
59, 337.14, 1.049962
60, 342.86, 1.049878
61, 348.57, 1.049818
62, 354.29, 1.049698
63, 360.00, 1.049627
64, 365.71, 1.049508
65, 371.43, 1.049424
66, 377.14, 1.049250
67, 382.86, 1.049236
68, 388.57, 1.049063
69, 394.29, 1.048974
70, 400.00, 1.048928
71, 405.71, 1.048825
72, 411.43, 1.048672
73, 417.14, 1.048547
74, 422.86, 1.048445
75, 428.57, 1.048396
76, 434.29, 1.048293
77, 440.00, 1.048130
78, 445.71, 1.048084
79, 451.43, 1.047948
80, 457.14, 1.047779
81, 462.86, 1.047655
82, 468.57, 1.047595
83, 474.29, 1.047456
84, 480.00, 1.047329
85, 485.71, 1.047223
86, 491.43, 1.047071
87, 497.14, 1.046975
88, 502.86, 1.046777
89, 508.57, 1.046654
90, 514.29, 1.046568
91, 520.00, 1.046435
92, 525.71, 1.046298
93, 531.43, 1.046173
94, 537.14, 1.046001
95, 542.86, 1.045902
96, 548.57, 1.045807
97, 554.29, 1.045656
98, 560.00, 1.045559
99, 565.71, 1.045377
100, 571.43, 1.045187
101, 577.14, 1.045129
102, 582.86, 1.044981
103, 588.57, 1.044877
104, 594.29, 1.044724
105, 600.00, 1.044545
106, 605.71, 1.044428
107, 611.43, 1.044262
108, 617.14, 1.044164
109, 622.86, 1.044024
110, 628.57, 1.043899
111, 634.29, 1.043855
112, 640.00, 1.043674
113, 645.71, 1.043589
114, 651.43, 1.043469
115, 657.14, 1.043303
116, 662.86, 1.043103
117, 668.57, 1.042986
118, 674.29, 1.042938
119, 680.00, 1.042729
120, 685.71, 0.993462
121, 691.43, 1.282497
122, 697.14, 1.216449

负载网络诊断信息:
最大电压: 1.282497
最小电压: 0.993462
平均电压: 1.051973
电压方差: 0.000697
后段方差: 0.000007
首尾比值: 1.003587
整体斜率: 0.00005247
前段斜率: -0.00005643
后段斜率: 0.00042919
平稳下降特征: 否
下降比值: 0.105422
初始高点数: 0
负载网络判断不明确，默认为开路

RC串联被识别为开路：
Index, Time(ms), AIN1_AC_Volt
0, 0.00, 1.007252
1, 5.71, 1.050427
2, 11.43, 1.049552
3, 17.14, 1.049450
4, 22.86, 1.049362
5, 28.57, 1.049355
6, 34.29, 1.049268
7, 40.00, 1.049220
8, 45.71, 1.049148
9, 51.43, 1.049143
10, 57.14, 1.049083
11, 62.86, 1.049087
12, 68.57, 1.049042
13, 74.29, 1.049037
14, 80.00, 1.049078
15, 85.71, 1.048992
16, 91.43, 1.048963
17, 97.14, 1.048879
18, 102.86, 1.048895
19, 108.57, 1.048848
20, 114.29, 1.048833
21, 120.00, 1.048773
22, 125.71, 1.048716
23, 131.43, 1.048612
24, 137.14, 1.048548
25, 142.86, 1.048518
26, 148.57, 1.048495
27, 154.29, 1.048430
28, 160.00, 1.048359
29, 165.71, 1.048392
30, 171.43, 1.048274
31, 177.14, 1.048224
32, 182.86, 1.048133
33, 188.57, 1.048159
34, 194.29, 1.048085
35, 200.00, 1.047948
36, 205.71, 1.047910
37, 211.43, 1.047868
38, 217.14, 1.047809
39, 222.86, 1.047743
40, 228.57, 1.047682
41, 234.29, 1.047649
42, 240.00, 1.047549
43, 245.71, 1.047495
44, 251.43, 1.047400
45, 257.14, 1.047271
46, 262.86, 1.047231
47, 268.57, 1.047206
48, 274.29, 1.047060
49, 280.00, 1.047045
50, 285.71, 1.047007
51, 291.43, 1.046936
52, 297.14, 1.046834
53, 302.86, 1.046791
54, 308.57, 1.046683
55, 314.29, 1.046615
56, 320.00, 1.046570
57, 325.71, 1.046479
58, 331.43, 1.046363
59, 337.14, 1.046224
60, 342.86, 1.046097
61, 348.57, 1.046010
62, 354.29, 1.046031
63, 360.00, 1.045901
64, 365.71, 1.045792
65, 371.43, 1.045769
66, 377.14, 1.045656
67, 382.86, 1.045615
68, 388.57, 1.045466
69, 394.29, 1.045367
70, 400.00, 1.045261
71, 405.71, 1.045193
72, 411.43, 1.045066
73, 417.14, 1.044999
74, 422.86, 1.044909
75, 428.57, 1.044764
76, 434.29, 1.044655
77, 440.00, 1.044551
78, 445.71, 1.044445
79, 451.43, 1.044342
80, 457.14, 1.044216
81, 462.86, 1.044031
82, 468.57, 1.043941
83, 474.29, 1.043801
84, 480.00, 1.043693
85, 485.71, 1.043511
86, 491.43, 1.043422
87, 497.14, 1.043326
88, 502.86, 1.043258
89, 508.57, 1.043132
90, 514.29, 1.043015
91, 520.00, 1.042870
92, 525.71, 1.042752
93, 531.43, 1.042628
94, 537.14, 1.042530
95, 542.86, 1.042373
96, 548.57, 1.042154
97, 554.29, 1.042064
98, 560.00, 1.041938
99, 565.71, 1.041790
100, 571.43, 1.041640
101, 577.14, 1.041486
102, 582.86, 1.041354
103, 588.57, 1.041214
104, 594.29, 1.041130
105, 600.00, 1.040957
106, 605.71, 1.040839
107, 611.43, 1.040754
108, 617.14, 1.040607
109, 622.86, 1.040427
110, 628.57, 1.040357
111, 634.29, 1.040229
112, 640.00, 1.040093
113, 645.71, 1.039914
114, 651.43, 1.039779
115, 657.14, 1.039646
116, 662.86, 1.039474
117, 668.57, 1.039361
118, 674.29, 1.039226
119, 680.00, 1.039083
120, 685.71, 1.184285
121, 691.43, 1.462042
122, 697.14, 1.452414

负载网络诊断信息:
最大电压: 1.462042
最小电压: 1.007252
平均电压: 1.053013
电压方差: 0.002878
后段方差: 0.000006
首尾比值: 0.998458
整体斜率: 0.00030881
前段斜率: 0.00001073
后段斜率: 0.00134900
平稳下降特征: 否
下降比值: 0.105043
初始高点数: 0
负载网络判断不明确，默认为开路

RC串联被正确识别：
Index, Time(ms), AIN1_AC_Volt
0, 0.00, 0.486717
1, 5.71, 0.481608
2, 11.43, 0.438978
3, 17.14, 0.432429
4, 22.86, 0.431098
5, 28.57, 0.430613
6, 34.29, 0.430363
7, 40.00, 0.430207
8, 45.71, 0.430120
9, 51.43, 0.430031
10, 57.14, 0.429962
11, 62.86, 0.429945
12, 68.57, 0.429911
13, 74.29, 0.429854
14, 80.00, 0.429812
15, 85.71, 0.429770
16, 91.43, 0.429787
17, 97.14, 0.429796
18, 102.86, 0.429776
19, 108.57, 0.429728
20, 114.29, 0.429761
21, 120.00, 0.429764
22, 125.71, 0.429714
23, 131.43, 0.429733
24, 137.14, 0.429717
25, 142.86, 0.429708
26, 148.57, 0.429700
27, 154.29, 0.429701
28, 160.00, 0.429649
29, 165.71, 0.429650
30, 171.43, 0.429628
31, 177.14, 0.429627
32, 182.86, 0.429615
33, 188.57, 0.429630
34, 194.29, 0.429620
35, 200.00, 0.429602
36, 205.71, 0.429579
37, 211.43, 0.429571
38, 217.14, 0.429585
39, 222.86, 0.429599
40, 228.57, 0.429579
41, 234.29, 0.429598
42, 240.00, 0.429580
43, 245.71, 0.429571
44, 251.43, 0.429558
45, 257.14, 0.429539
46, 262.86, 0.429576
47, 268.57, 0.429582
48, 274.29, 0.429564
49, 280.00, 0.429553
50, 285.71, 0.429554
51, 291.43, 0.429543
52, 297.14, 0.429510
53, 302.86, 0.429516
54, 308.57, 0.429507
55, 314.29, 0.429507
56, 320.00, 0.429533
57, 325.71, 0.429534
58, 331.43, 0.429508
59, 337.14, 0.429498
60, 342.86, 0.429480
61, 348.57, 0.429466
62, 354.29, 0.429452
63, 360.00, 0.429454
64, 365.71, 0.429425
65, 371.43, 0.429420
66, 377.14, 0.429449
67, 382.86, 0.429446
68, 388.57, 0.429454
69, 394.29, 0.429402
70, 400.00, 0.429406
71, 405.71, 0.429365
72, 411.43, 0.429389
73, 417.14, 0.429356
74, 422.86, 0.429365
75, 428.57, 0.429332
76, 434.29, 0.429312
77, 440.00, 0.429265
78, 445.71, 0.429316
79, 451.43, 0.429316
80, 457.14, 0.429289
81, 462.86, 0.429266
82, 468.57, 0.429267
83, 474.29, 0.429257
84, 480.00, 0.429243
85, 485.71, 0.429191
86, 491.43, 0.429217
87, 497.14, 0.429221
88, 502.86, 0.429240
89, 508.57, 0.429183
90, 514.29, 0.429199
91, 520.00, 0.429140
92, 525.71, 0.429130
93, 531.43, 0.429122
94, 537.14, 0.429119
95, 542.86, 0.429088
96, 548.57, 0.429102
97, 554.29, 0.429044
98, 560.00, 0.429086
99, 565.71, 0.429052
100, 571.43, 0.429039
101, 577.14, 0.429034
102, 582.86, 0.429051
103, 588.57, 0.429049
104, 594.29, 0.429023
105, 600.00, 0.429010
106, 605.71, 0.429002
107, 611.43, 0.429030
108, 617.14, 0.429009
109, 622.86, 0.428990
110, 628.57, 0.428936
111, 634.29, 0.428956
112, 640.00, 0.428967
113, 645.71, 0.428964
114, 651.43, 0.428940
115, 657.14, 0.428941
116, 662.86, 0.428911
117, 668.57, 0.428889
118, 674.29, 0.428877
119, 680.00, 0.428880
120, 685.71, 0.943929
121, 691.43, 1.513841
122, 697.14, 1.508040

负载网络诊断信息:
最大电压: 1.513841
最小电压: 0.428877
平均电压: 0.452205
电压方差: 0.020702
后段方差: 0.000000
首尾比值: 0.988671
整体斜率: 0.00098376
前段斜率: -0.00019838
后段斜率: 0.00399860
平稳下降特征: 否
下降比值: 0.048672
初始高点数: 2
模式3检测到: RC串联 (LoadNetType = 1)

RC串联被识别为开路：
Index, Time(ms), AIN1_AC_Volt
0, 0.00, 0.461014
1, 5.71, 0.454010
2, 11.43, 0.434442
3, 17.14, 0.431659
4, 22.86, 0.431167
5, 28.57, 0.431013
6, 34.29, 0.430966
7, 40.00, 0.430944
8, 45.71, 0.430870
9, 51.43, 0.430828
10, 57.14, 0.430834
11, 62.86, 0.430764
12, 68.57, 0.430771
13, 74.29, 0.430735
14, 80.00, 0.430723
15, 85.71, 0.430710
16, 91.43, 0.430704
17, 97.14, 0.430690
18, 102.86, 0.430714
19, 108.57, 0.430730
20, 114.29, 0.430700
21, 120.00, 0.430687
22, 125.71, 0.430729
23, 131.43, 0.430709
24, 137.14, 0.430690
25, 142.86, 0.430659
26, 148.57, 0.430681
27, 154.29, 0.430670
28, 160.00, 0.430625
29, 165.71, 0.430672
30, 171.43, 0.430644
31, 177.14, 0.430634
32, 182.86, 0.430646
33, 188.57, 0.430628
34, 194.29, 0.430656
35, 200.00, 0.430601
36, 205.71, 0.430601
37, 211.43, 0.430623
38, 217.14, 0.430611
39, 222.86, 0.430640
40, 228.57, 0.430616
41, 234.29, 0.430610
42, 240.00, 0.430607
43, 245.71, 0.430590
44, 251.43, 0.430551
45, 257.14, 0.430604
46, 262.86, 0.430577
47, 268.57, 0.430555
48, 274.29, 0.430570
49, 280.00, 0.430518
50, 285.71, 0.430556
51, 291.43, 0.430563
52, 297.14, 0.430521
53, 302.86, 0.430531
54, 308.57, 0.430481
55, 314.29, 0.430497
56, 320.00, 0.430491
57, 325.71, 0.430483
58, 331.43, 0.430498
59, 337.14, 0.430466
60, 342.86, 0.430469
61, 348.57, 0.430418
62, 354.29, 0.430475
63, 360.00, 0.430421
64, 365.71, 0.430407
65, 371.43, 0.430412
66, 377.14, 0.430430
67, 382.86, 0.430403
68, 388.57, 0.430410
69, 394.29, 0.430365
70, 400.00, 0.430386
71, 405.71, 0.430394
72, 411.43, 0.430353
73, 417.14, 0.430347
74, 422.86, 0.430396
75, 428.57, 0.430371
76, 434.29, 0.430308
77, 440.00, 0.430320
78, 445.71, 0.430360
79, 451.43, 0.430310
80, 457.14, 0.430320
81, 462.86, 0.430284
82, 468.57, 0.430271
83, 474.29, 0.430278
84, 480.00, 0.430276
85, 485.71, 0.430238
86, 491.43, 0.430225
87, 497.14, 0.430222
88, 502.86, 0.430226
89, 508.57, 0.430197
90, 514.29, 0.430144
91, 520.00, 0.430141
92, 525.71, 0.430142
93, 531.43, 0.430173
94, 537.14, 0.430147
95, 542.86, 0.430118
96, 548.57, 0.430073
97, 554.29, 0.430106
98, 560.00, 0.430109
99, 565.71, 0.430048
100, 571.43, 0.430074
101, 577.14, 0.430045
102, 582.86, 0.430041
103, 588.57, 0.430044
104, 594.29, 0.430011
105, 600.00, 0.430021
106, 605.71, 0.429990
107, 611.43, 0.429962
108, 617.14, 0.429953
109, 622.86, 0.429970
110, 628.57, 0.429947
111, 634.29, 0.429940
112, 640.00, 0.429963
113, 645.71, 0.429935
114, 651.43, 0.429957
115, 657.14, 0.429936
116, 662.86, 0.429950
117, 668.57, 0.429946
118, 674.29, 0.429938
119, 680.00, 0.429889
120, 685.71, 0.628188
121, 691.43, 1.351531
122, 697.14, 1.287376

负载网络诊断信息:
最大电压: 1.351531
最小电压: 0.429889
平均电压: 0.446963
电压方差: 0.012925
后段方差: 0.000000
首尾比值: 0.993776
整体斜率: 0.00073853
前段斜率: -0.00009714
后段斜率: 0.00296107
平稳下降特征: 否
下降比值: 0.046101
初始高点数: 0
负载网络判断不明确，默认为开路

