LC并联被识别为RLC并联：
Index, Time(ms), AIN1_AC_Volt
0, 0.00, 0.133009
1, 5.71, 0.142725
2, 11.43, 0.152750
3, 17.14, 0.164500
4, 22.86, 0.177730
5, 28.57, 0.192053
6, 34.29, 0.207567
7, 40.00, 0.224114
8, 45.71, 0.241514
9, 51.43, 0.259911
10, 57.14, 0.279013
11, 62.86, 0.298651
12, 68.57, 0.318685
13, 74.29, 0.338804
14, 80.00, 0.359125
15, 85.71, 0.379637
16, 91.43, 0.400307
17, 97.14, 0.421133
18, 102.86, 0.441722
19, 108.57, 0.462746
20, 114.29, 0.483852
21, 120.00, 0.505371
22, 125.71, 0.528139
23, 131.43, 0.551771
24, 137.14, 0.576557
25, 142.86, 0.602845
26, 148.57, 0.630008
27, 154.29, 0.658847
28, 160.00, 0.688376
29, 165.71, 0.718528
30, 171.43, 0.749217
31, 177.14, 0.780237
32, 182.86, 0.810946
33, 188.57, 0.841744
34, 194.29, 0.870657
35, 200.00, 0.897727
36, 205.71, 0.921662
37, 211.43, 0.942342
38, 217.14, 0.959366
39, 222.86, 0.972368
40, 228.57, 0.981257
41, 234.29, 0.986205
42, 240.00, 0.987219
43, 245.71, 0.984342
44, 251.43, 0.978174
45, 257.14, 0.969082
46, 262.86, 0.957147
47, 268.57, 0.943127
48, 274.29, 0.927823
49, 280.00, 0.911064
50, 285.71, 0.893104
51, 291.43, 0.874972
52, 297.14, 0.856645
53, 302.86, 0.837960
54, 308.57, 0.819173
55, 314.29, 0.800657
56, 320.00, 0.781995
57, 325.71, 0.763822
58, 331.43, 0.745937
59, 337.14, 0.728639
60, 342.86, 0.711623
61, 348.57, 0.695060
62, 354.29, 0.678933
63, 360.00, 0.663610
64, 365.71, 0.648671
65, 371.43, 0.634593
66, 377.14, 0.620661
67, 382.86, 0.607267
68, 388.57, 0.594619
69, 394.29, 0.582295
70, 400.00, 0.570397
71, 405.71, 0.559160
72, 411.43, 0.548225
73, 417.14, 0.537631
74, 422.86, 0.527536
75, 428.57, 0.517721
76, 434.29, 0.508352
77, 440.00, 0.499249
78, 445.71, 0.490487
79, 451.43, 0.481941
80, 457.14, 0.473770
81, 462.86, 0.465880
82, 468.57, 0.458334
83, 474.29, 0.450878
84, 480.00, 0.443826
85, 485.71, 0.436804
86, 491.43, 0.430093
87, 497.14, 0.423613
88, 502.86, 0.417391
89, 508.57, 0.411275
90, 514.29, 0.405362
91, 520.00, 0.399678
92, 525.71, 0.394182
93, 531.43, 0.388692
94, 537.14, 0.383388
95, 542.86, 0.378254
96, 548.57, 0.373380
97, 554.29, 0.368449
98, 560.00, 0.363757
99, 565.71, 0.359190
100, 571.43, 0.354722
101, 577.14, 0.350347
102, 582.86, 0.346074
103, 588.57, 0.342060
104, 594.29, 0.338005
105, 600.00, 0.334063
106, 605.71, 0.330278
107, 611.43, 0.326520
108, 617.14, 0.322904
109, 622.86, 0.319340
110, 628.57, 0.315845
111, 634.29, 0.312458
112, 640.00, 0.309007
113, 645.71, 0.305704
114, 651.43, 0.302519
115, 657.14, 0.299373
116, 662.86, 0.296344
117, 668.57, 0.293451
118, 674.29, 0.290468
119, 680.00, 0.287615
120, 685.71, 0.284821
121, 691.43, 0.282103
122, 697.14, 0.279451
123, 702.86, 0.276714
124, 708.57, 0.274109
125, 714.29, 0.271583
126, 720.00, 0.269068
127, 725.71, 0.266650
128, 731.43, 0.264277
129, 737.14, 0.261899
130, 742.86, 0.259623
131, 748.57, 0.257377
132, 754.29, 0.255072
133, 760.00, 0.252900
134, 765.71, 0.250772
135, 771.43, 0.248614
136, 777.14, 0.246587
137, 782.86, 0.244499
138, 788.57, 0.242502
139, 794.29, 0.240522
140, 800.00, 0.238616
141, 805.71, 0.236626
142, 811.43, 0.234791
143, 817.14, 0.232923
144, 822.86, 0.231087
145, 828.57, 0.229325
146, 834.29, 0.227581
147, 840.00, 0.225845
148, 845.71, 0.224142
149, 851.43, 0.222436
150, 857.14, 0.220742
151, 862.86, 0.219185
152, 868.57, 0.217581
153, 874.29, 0.215948
154, 880.00, 0.214399
155, 885.71, 0.212846
156, 891.43, 0.211292
157, 897.14, 0.209848
158, 902.86, 0.208317
159, 908.57, 0.206880
160, 914.29, 0.205424
161, 920.00, 0.204018
162, 925.71, 0.202615
163, 931.43, 0.201244
164, 937.14, 0.199878
165, 942.86, 0.198540
166, 948.57, 0.197186
167, 954.29, 0.195900
168, 960.00, 0.194620
169, 965.71, 0.193342
170, 971.43, 0.192053
171, 977.14, 0.190859
172, 982.86, 0.189673
173, 988.57, 0.188467
174, 994.29, 0.187299
175, 1000.00, 0.186010
176, 1005.71, 0.184817
177, 1011.43, 0.183647
178, 1017.14, 0.182464
179, 1022.86, 0.181409
180, 1028.57, 0.180314
181, 1034.29, 0.179222
182, 1040.00, 0.178074
183, 1045.71, 0.177000
184, 1051.43, 0.175973
185, 1057.14, 0.174915
186, 1062.86, 0.173886
187, 1068.57, 0.172838
188, 1074.29, 0.171789
189, 1080.00, 0.170760
190, 1085.71, 0.169801
191, 1091.43, 0.168828
192, 1097.14, 0.167849
193, 1102.86, 0.166837
194, 1108.57, 0.165906
195, 1114.29, 0.164969
196, 1120.00, 0.164016
197, 1125.71, 0.163121
198, 1131.43, 0.162159
199, 1137.14, 0.161243
200, 1142.86, 0.160327
201, 1148.57, 0.159466
202, 1154.29, 0.158565
203, 1160.00, 0.157714
204, 1165.71, 0.156847
205, 1171.43, 0.155983
206, 1177.14, 0.155154
207, 1182.86, 0.154244
208, 1188.57, 0.153432
209, 1194.29, 0.152634
210, 1200.00, 0.151814
211, 1205.71, 0.151000
212, 1211.43, 0.150186
213, 1217.14, 0.149423
214, 1222.86, 0.148606
215, 1228.57, 0.147791
216, 1234.29, 0.147073
217, 1240.00, 0.146334
218, 1245.71, 0.145550
219, 1251.43, 0.144815
220, 1257.14, 0.144047
221, 1262.86, 0.143281
222, 1268.57, 0.142567
223, 1274.29, 0.141852
224, 1280.00, 0.141116
225, 1285.71, 0.140400
226, 1291.43, 0.139668
227, 1297.14, 0.138997
228, 1302.86, 0.138290
229, 1308.57, 0.137621
230, 1314.29, 0.136932
231, 1320.00, 0.136266
232, 1325.71, 0.135612
233, 1331.43, 0.134918
234, 1337.14, 0.134293
235, 1342.86, 0.133532
236, 1348.57, 0.132894
237, 1354.29, 0.132241
238, 1360.00, 0.131616
239, 1365.71, 0.131005
240, 1371.43, 0.130288
241, 1377.14, 0.129693
242, 1382.86, 0.129105
243, 1388.57, 0.128512
244, 1394.29, 0.127855
245, 1400.00, 0.127225
246, 1405.71, 0.126673
谐振频率(Hz): 12880.00
Q值: 1.47
峰值宽度: 31.00
曲线不对称性: 1.385
衰减率: 0.0019
衰减斜率: -0.016026
衰减方差: 0.020644

负载网络诊断信息 (模式1):
最大电压: 0.987219
最大电压位置: 42.00 (时间: 240.00 ms)
末尾/起始电压比: 0.474216
峰值特征: 是
峰值位置特征: 非常早期峰值 (RLC +3)
谐振频率特征: 12880.00 (RLC +1)
Q值特征: 1.47 (中间范围，不计分)
不对称性特征: 1.38 (中间范围，不计分)
峰值宽度特征: 31.00 (LC +1)
峰值/频率比: 0.766 (LC +2)
LC评分: 3
RLC评分: 4
判断置信度: 14.3%
模式1检测到: RLC并联 (LoadNetType = 8)

LC并联被识别为RLC并联：
Index, Time(ms), AIN1_AC_Volt
0, 0.00, 0.125163
1, 5.71, 0.145260
2, 11.43, 0.157449
3, 17.14, 0.170968
4, 22.86, 0.186672
5, 28.57, 0.204642
6, 34.29, 0.224210
7, 40.00, 0.245073
8, 45.71, 0.267159
9, 51.43, 0.289862
10, 57.14, 0.313085
11, 62.86, 0.336658
12, 68.57, 0.361149
13, 74.29, 0.388619
14, 80.00, 0.418531
15, 85.71, 0.450875
16, 91.43, 0.485278
17, 97.14, 0.520233
18, 102.86, 0.554849
19, 108.57, 0.586691
20, 114.29, 0.613359
21, 120.00, 0.633753
22, 125.71, 0.645918
23, 131.43, 0.649051
24, 137.14, 0.644028
25, 142.86, 0.631818
26, 148.57, 0.613957
27, 154.29, 0.592957
28, 160.00, 0.569905
29, 165.71, 0.545770
30, 171.43, 0.521887
31, 177.14, 0.498835
32, 182.86, 0.476435
33, 188.57, 0.455538
34, 194.29, 0.435729
35, 200.00, 0.417281
36, 205.71, 0.400167
37, 211.43, 0.384025
38, 217.14, 0.369064
39, 222.86, 0.355162
40, 228.57, 0.342200
41, 234.29, 0.330181
42, 240.00, 0.318923
43, 245.71, 0.308381
44, 251.43, 0.298598
45, 257.14, 0.289370
46, 262.86, 0.280749
47, 268.57, 0.272491
48, 274.29, 0.264878
49, 280.00, 0.257542
50, 285.71, 0.250727
51, 291.43, 0.244359
52, 297.14, 0.238189
53, 302.86, 0.232279
54, 308.57, 0.226614
55, 314.29, 0.221313
56, 320.00, 0.216229
57, 325.71, 0.211431
58, 331.43, 0.206784
59, 337.14, 0.202277
60, 342.86, 0.198118
61, 348.57, 0.194031
62, 354.29, 0.190181
63, 360.00, 0.186437
64, 365.71, 0.182769
65, 371.43, 0.179265
66, 377.14, 0.175958
67, 382.86, 0.172727
68, 388.57, 0.169600
69, 394.29, 0.166641
70, 400.00, 0.163730
71, 405.71, 0.160895
72, 411.43, 0.158137
73, 417.14, 0.155475
74, 422.86, 0.152934
75, 428.57, 0.150430
76, 434.29, 0.148077
77, 440.00, 0.145693
78, 445.71, 0.143446
79, 451.43, 0.141257
80, 457.14, 0.139086
81, 462.86, 0.136976
82, 468.57, 0.134906
83, 474.29, 0.132911
84, 480.00, 0.130977
85, 485.71, 0.129029
86, 491.43, 0.127199
87, 497.14, 0.125417
88, 502.86, 0.123605
89, 508.57, 0.121904
90, 514.29, 0.120209
91, 520.00, 0.118550
92, 525.71, 0.116929
93, 531.43, 0.115384
94, 537.14, 0.113819
95, 542.86, 0.112265
96, 548.57, 0.110790
97, 554.29, 0.109303
98, 560.00, 0.107867
99, 565.71, 0.106500
100, 571.43, 0.105059
101, 577.14, 0.103719
102, 582.86, 0.102407
103, 588.57, 0.101080
104, 594.29, 0.099768
105, 600.00, 0.098485
106, 605.71, 0.097170
107, 611.43, 0.095970
108, 617.14, 0.094741
109, 622.86, 0.093563
110, 628.57, 0.092413
111, 634.29, 0.091237
112, 640.00, 0.090006
113, 645.71, 0.088915
114, 651.43, 0.087794
115, 657.14, 0.086649
116, 662.86, 0.085593
117, 668.57, 0.084489
118, 674.29, 0.083450
119, 680.00, 0.082422
120, 685.71, 0.081366
121, 691.43, 0.080314
122, 697.14, 0.079228
123, 702.86, 0.078305
124, 708.57, 0.077340
125, 714.29, 0.076327
126, 720.00, 0.075322
127, 725.71, 0.074332
128, 731.43, 0.073374
129, 737.14, 0.072395
130, 742.86, 0.071455
131, 748.57, 0.070524
132, 754.29, 0.069560
133, 760.00, 0.068648
134, 765.71, 0.067743
135, 771.43, 0.066753
136, 777.14, 0.065875
137, 782.86, 0.065003
138, 788.57, 0.063988
139, 794.29, 0.063126
140, 800.00, 0.062215
141, 805.71, 0.061291
142, 811.43, 0.060457
143, 817.14, 0.059527
144, 822.86, 0.058666
145, 828.57, 0.057749
146, 834.29, 0.056808
147, 840.00, 0.055975
148, 845.71, 0.055079
149, 851.43, 0.054128
150, 857.14, 0.053300
151, 862.86, 0.052366
152, 868.57, 0.051496
153, 874.29, 0.050595
154, 880.00, 0.049628
155, 885.71, 0.048724
156, 891.43, 0.047746
157, 897.14, 0.046813
158, 902.86, 0.045921
159, 908.57, 0.044939
160, 914.29, 0.043978
161, 920.00, 0.043070
162, 925.71, 0.042105
163, 931.43, 0.041030
164, 937.14, 0.039779
165, 942.86, 0.038803
166, 948.57, 0.037858
167, 954.29, 0.036648
168, 960.00, 0.035552
169, 965.71, 0.034255
170, 971.43, 0.033192
171, 977.14, 0.031968
172, 982.86, 0.030679
173, 988.57, 0.029677
174, 994.29, 0.028151
175, 1000.00, 0.026788
176, 1005.71, 0.025748
177, 1011.43, 0.024177
178, 1017.14, 0.022908
179, 1022.86, 0.021897
180, 1028.57, 0.020892
181, 1034.29, 0.019877
182, 1040.00, 0.019317
183, 1045.71, 0.018790
184, 1051.43, 0.018254
185, 1057.14, 0.017952
186, 1062.86, 0.017638
187, 1068.57, 0.017398
188, 1074.29, 0.017221
189, 1080.00, 0.017062
190, 1085.71, 0.016917
191, 1091.43, 0.016822
192, 1097.14, 0.016711
193, 1102.86, 0.016623
194, 1108.57, 0.016588
195, 1114.29, 0.016544
196, 1120.00, 0.016473
197, 1125.71, 0.016432
198, 1131.43, 0.016413
199, 1137.14, 0.016356
200, 1142.86, 0.016356
201, 1148.57, 0.016328
202, 1154.29, 0.016292
203, 1160.00, 0.016267
204, 1165.71, 0.016285
205, 1171.43, 0.016286
206, 1177.14, 0.016200
207, 1182.86, 0.016228
208, 1188.57, 0.016203
209, 1194.29, 0.016212
210, 1200.00, 0.016183
211, 1205.71, 0.016186
212, 1211.43, 0.016179
213, 1217.14, 0.016146
214, 1222.86, 0.016158
215, 1228.57, 0.016128
216, 1234.29, 0.016132
217, 1240.00, 0.016131
218, 1245.71, 0.016135
219, 1251.43, 0.016116
220, 1257.14, 0.016117
221, 1262.86, 0.016102
222, 1268.57, 0.016109
223, 1274.29, 0.016088
224, 1280.00, 0.016099
225, 1285.71, 0.016082
226, 1291.43, 0.016083
227, 1297.14, 0.016096
228, 1302.86, 0.016069
229, 1308.57, 0.016085
230, 1314.29, 0.016076
231, 1320.00, 0.016078
232, 1325.71, 0.016072
233, 1331.43, 0.016087
234, 1337.14, 0.016085
235, 1342.86, 0.016052
236, 1348.57, 0.016058
237, 1354.29, 0.016089
238, 1360.00, 0.016083
239, 1365.71, 0.016044
240, 1371.43, 0.016072
241, 1377.14, 0.016024
242, 1382.86, 0.016040
243, 1388.57, 0.016042
244, 1394.29, 0.016037
245, 1400.00, 0.016047
246, 1405.71, 0.016038
谐振频率(Hz): 7505.71
Q值: 1.66
峰值宽度: 16.00
曲线不对称性: 1.286
衰减率: 0.0023
衰减斜率: -0.014758
衰减方差: 0.018132

负载网络诊断信息 (模式1):
最大电压: 0.649051
最大电压位置: 23.00 (时间: 131.43 ms)
末尾/起始电压比: 0.049946
峰值特征: 是
峰值位置特征: 非常早期峰值 (RLC +3)
谐振频率特征: 7505.71 (RLC +3)
Q值特征: 1.66 (RLC +1)
不对称性特征: 1.29 (中间范围，不计分)
峰值宽度特征: 16.00 (LC +2)
峰值/频率比: 0.865 (LC +2)
LC评分: 4
RLC评分: 7
判断置信度: 27.3%
模式1检测到: RLC并联 (LoadNetType = 8)

LC并联被识别为RLC并联：
Index, Time(ms), AIN1_AC_Volt
0, 0.00, 0.135249
1, 5.71, 0.148066
2, 11.43, 0.159570
3, 17.14, 0.173215
4, 22.86, 0.189476
5, 28.57, 0.207475
6, 34.29, 0.227282
7, 40.00, 0.248512
8, 45.71, 0.270675
9, 51.43, 0.293531
10, 57.14, 0.316746
11, 62.86, 0.340401
12, 68.57, 0.366013
13, 74.29, 0.394059
14, 80.00, 0.424653
15, 85.71, 0.457804
16, 91.43, 0.492553
17, 97.14, 0.526863
18, 102.86, 0.560155
19, 108.57, 0.589393
20, 114.29, 0.613036
21, 120.00, 0.629137
22, 125.71, 0.636736
23, 131.43, 0.635758
24, 137.14, 0.626857
25, 142.86, 0.612055
26, 148.57, 0.592729
27, 154.29, 0.570360
28, 160.00, 0.547077
29, 165.71, 0.523408
30, 171.43, 0.500286
31, 177.14, 0.477586
32, 182.86, 0.456103
33, 188.57, 0.436191
34, 194.29, 0.417268
35, 200.00, 0.399561
36, 205.71, 0.383372
37, 211.43, 0.368011
38, 217.14, 0.353972
39, 222.86, 0.340853
40, 228.57, 0.328522
41, 234.29, 0.317180
42, 240.00, 0.306490
43, 245.71, 0.296573
44, 251.43, 0.287239
45, 257.14, 0.278372
46, 262.86, 0.270154
47, 268.57, 0.262416
48, 274.29, 0.255013
49, 280.00, 0.248151
50, 285.71, 0.241552
51, 291.43, 0.235341
52, 297.14, 0.229539
53, 302.86, 0.223871
54, 308.57, 0.218535
55, 314.29, 0.213457
56, 320.00, 0.208665
57, 325.71, 0.203986
58, 331.43, 0.199537
59, 337.14, 0.195302
60, 342.86, 0.191252
61, 348.57, 0.187338
62, 354.29, 0.183526
63, 360.00, 0.179983
64, 365.71, 0.176596
65, 371.43, 0.173272
66, 377.14, 0.170051
67, 382.86, 0.166886
68, 388.57, 0.163897
69, 394.29, 0.160977
70, 400.00, 0.158180
71, 405.71, 0.155473
72, 411.43, 0.152858
73, 417.14, 0.150210
74, 422.86, 0.147777
75, 428.57, 0.145398
76, 434.29, 0.143121
77, 440.00, 0.140772
78, 445.71, 0.138557
79, 451.43, 0.136443
80, 457.14, 0.134268
81, 462.86, 0.132286
82, 468.57, 0.130264
83, 474.29, 0.128333
84, 480.00, 0.126464
85, 485.71, 0.124630
86, 491.43, 0.122814
87, 497.14, 0.121090
88, 502.86, 0.119349
89, 508.57, 0.117653
90, 514.29, 0.116043
91, 520.00, 0.114427
92, 525.71, 0.112822
93, 531.43, 0.111259
94, 537.14, 0.109763
95, 542.86, 0.108281
96, 548.57, 0.106763
97, 554.29, 0.105256
98, 560.00, 0.103945
99, 565.71, 0.102594
100, 571.43, 0.101223
101, 577.14, 0.099846
102, 582.86, 0.098542
103, 588.57, 0.097281
104, 594.29, 0.095940
105, 600.00, 0.094716
106, 605.71, 0.093450
107, 611.43, 0.092259
108, 617.14, 0.091092
109, 622.86, 0.089851
110, 628.57, 0.088662
111, 634.29, 0.087557
112, 640.00, 0.086419
113, 645.71, 0.085332
114, 651.43, 0.084148
115, 657.14, 0.083060
116, 662.86, 0.082008
117, 668.57, 0.080892
118, 674.29, 0.079840
119, 680.00, 0.078823
120, 685.71, 0.077740
121, 691.43, 0.076700
122, 697.14, 0.075712
123, 702.86, 0.074663
124, 708.57, 0.073787
125, 714.29, 0.072750
126, 720.00, 0.071705
127, 725.71, 0.070791
128, 731.43, 0.069816
129, 737.14, 0.068907
130, 742.86, 0.067938
131, 748.57, 0.066937
132, 754.29, 0.066099
133, 760.00, 0.065119
134, 765.71, 0.064162
135, 771.43, 0.063269
136, 777.14, 0.062296
137, 782.86, 0.061341
138, 788.57, 0.060409
139, 794.29, 0.059390
140, 800.00, 0.058511
141, 805.71, 0.057581
142, 811.43, 0.056640
143, 817.14, 0.055780
144, 822.86, 0.054866
145, 828.57, 0.053973
146, 834.29, 0.053092
147, 840.00, 0.052169
148, 845.71, 0.051185
149, 851.43, 0.050346
150, 857.14, 0.049343
151, 862.86, 0.048409
152, 868.57, 0.047360
153, 874.29, 0.046494
154, 880.00, 0.045573
155, 885.71, 0.044401
156, 891.43, 0.043455
157, 897.14, 0.042404
158, 902.86, 0.041421
159, 908.57, 0.040600
160, 914.29, 0.038999
161, 920.00, 0.038096
162, 925.71, 0.036812
163, 931.43, 0.035634
164, 937.14, 0.034612
165, 942.86, 0.033111
166, 948.57, 0.031975
167, 954.29, 0.030822
168, 960.00, 0.029291
169, 965.71, 0.028226
170, 971.43, 0.026549
171, 977.14, 0.025566
172, 982.86, 0.023996
173, 988.57, 0.022872
174, 994.29, 0.021607
175, 1000.00, 0.020698
176, 1005.71, 0.019817
177, 1011.43, 0.019242
178, 1017.14, 0.018622
179, 1022.86, 0.018158
180, 1028.57, 0.017838
181, 1034.29, 0.017619
182, 1040.00, 0.017357
183, 1045.71, 0.017138
184, 1051.43, 0.016938
185, 1057.14, 0.016892
186, 1062.86, 0.016785
187, 1068.57, 0.016677
188, 1074.29, 0.016619
189, 1080.00, 0.016563
190, 1085.71, 0.016550
191, 1091.43, 0.016463
192, 1097.14, 0.016457
193, 1102.86, 0.016407
194, 1108.57, 0.016385
195, 1114.29, 0.016344
196, 1120.00, 0.016327
197, 1125.71, 0.016317
198, 1131.43, 0.016281
199, 1137.14, 0.016288
200, 1142.86, 0.016250
201, 1148.57, 0.016244
202, 1154.29, 0.016236
203, 1160.00, 0.016223
204, 1165.71, 0.016194
205, 1171.43, 0.016189
206, 1177.14, 0.016195
207, 1182.86, 0.016162
208, 1188.57, 0.016154
209, 1194.29, 0.016162
210, 1200.00, 0.016136
211, 1205.71, 0.016153
212, 1211.43, 0.016159
213, 1217.14, 0.016145
214, 1222.86, 0.016148
215, 1228.57, 0.016122
216, 1234.29, 0.016151
217, 1240.00, 0.016166
218, 1245.71, 0.016111
219, 1251.43, 0.016121
220, 1257.14, 0.016139
221, 1262.86, 0.016121
222, 1268.57, 0.016134
223, 1274.29, 0.016093
224, 1280.00, 0.016105
225, 1285.71, 0.016111
226, 1291.43, 0.016116
227, 1297.14, 0.016067
228, 1302.86, 0.016084
229, 1308.57, 0.016103
230, 1314.29, 0.016086
231, 1320.00, 0.016084
232, 1325.71, 0.016080
233, 1331.43, 0.016079
234, 1337.14, 0.016075
235, 1342.86, 0.016082
236, 1348.57, 0.016070
237, 1354.29, 0.016064
238, 1360.00, 0.016068
239, 1365.71, 0.016064
240, 1371.43, 0.016080
241, 1377.14, 0.016076
242, 1382.86, 0.016068
243, 1388.57, 0.016042
244, 1394.29, 0.016080
245, 1400.00, 0.016061
246, 1405.71, 0.016047
谐振频率(Hz): 7222.86
Q值: 1.50
峰值宽度: 17.00
曲线不对称性: 1.429
衰减率: 0.0022
衰减斜率: -0.014738
衰减方差: 0.018028

负载网络诊断信息 (模式1):
最大电压: 0.636736
最大电压位置: 22.00 (时间: 125.71 ms)
末尾/起始电压比: 0.049291
峰值特征: 是
峰值位置特征: 非常早期峰值 (RLC +3)
谐振频率特征: 7222.86 (RLC +3)
Q值特征: 1.50 (RLC +1)
不对称性特征: 1.43 (中间范围，不计分)
峰值宽度特征: 17.00 (LC +2)
峰值/频率比: 0.882 (LC +2)
LC评分: 4
RLC评分: 7
判断置信度: 27.3%
模式1检测到: RLC并联 (LoadNetType = 8)

RLC被正确识别：
Index, Time(ms), AIN1_AC_Volt
0, 0.00, 0.133860
1, 5.71, 0.149093
2, 11.43, 0.159116
3, 17.14, 0.172903
4, 22.86, 0.188929
5, 28.57, 0.207168
6, 34.29, 0.226942
7, 40.00, 0.247655
8, 45.71, 0.269637
9, 51.43, 0.292057
10, 57.14, 0.314924
11, 62.86, 0.338891
12, 68.57, 0.364112
13, 74.29, 0.391904
14, 80.00, 0.421759
15, 85.71, 0.452691
16, 91.43, 0.484353
17, 97.14, 0.514883
18, 102.86, 0.542935
19, 108.57, 0.566640
20, 114.29, 0.584212
21, 120.00, 0.595018
22, 125.71, 0.598119
23, 131.43, 0.594036
24, 137.14, 0.583804
25, 142.86, 0.569146
26, 148.57, 0.551218
27, 154.29, 0.531180
28, 160.00, 0.510331
29, 165.71, 0.489303
30, 171.43, 0.468605
31, 177.14, 0.448860
32, 182.86, 0.429805
33, 188.57, 0.411960
34, 194.29, 0.395133
35, 200.00, 0.379501
36, 205.71, 0.364734
37, 211.43, 0.350946
38, 217.14, 0.337995
39, 222.86, 0.326102
40, 228.57, 0.314887
41, 234.29, 0.304341
42, 240.00, 0.294545
43, 245.71, 0.285327
44, 251.43, 0.276716
45, 257.14, 0.268622
46, 262.86, 0.260941
47, 268.57, 0.253598
48, 274.29, 0.246776
49, 280.00, 0.240194
50, 285.71, 0.234025
51, 291.43, 0.228250
52, 297.14, 0.222677
53, 302.86, 0.217372
54, 308.57, 0.212296
55, 314.29, 0.207469
56, 320.00, 0.202784
57, 325.71, 0.198360
58, 331.43, 0.194161
59, 337.14, 0.190099
60, 342.86, 0.186219
61, 348.57, 0.182488
62, 354.29, 0.178949
63, 360.00, 0.175456
64, 365.71, 0.172055
65, 371.43, 0.168969
66, 377.14, 0.165826
67, 382.86, 0.162827
68, 388.57, 0.159922
69, 394.29, 0.157086
70, 400.00, 0.154336
71, 405.71, 0.151731
72, 411.43, 0.149203
73, 417.14, 0.146770
74, 422.86, 0.144265
75, 428.57, 0.141996
76, 434.29, 0.139707
77, 440.00, 0.137500
78, 445.71, 0.135303
79, 451.43, 0.133261
80, 457.14, 0.131224
81, 462.86, 0.129236
82, 468.57, 0.127322
83, 474.29, 0.125445
84, 480.00, 0.123573
85, 485.71, 0.121804
86, 491.43, 0.119990
87, 497.14, 0.118297
88, 502.86, 0.116557
89, 508.57, 0.114902
90, 514.29, 0.113312
91, 520.00, 0.111761
92, 525.71, 0.110206
93, 531.43, 0.108668
94, 537.14, 0.107193
95, 542.86, 0.105680
96, 548.57, 0.104289
97, 554.29, 0.102829
98, 560.00, 0.101436
99, 565.71, 0.100087
100, 571.43, 0.098742
101, 577.14, 0.097458
102, 582.86, 0.096153
103, 588.57, 0.094860
104, 594.29, 0.093618
105, 600.00, 0.092371
106, 605.71, 0.091113
107, 611.43, 0.089907
108, 617.14, 0.088751
109, 622.86, 0.087567
110, 628.57, 0.086454
111, 634.29, 0.085240
112, 640.00, 0.084107
113, 645.71, 0.083058
114, 651.43, 0.081888
115, 657.14, 0.080791
116, 662.86, 0.079717
117, 668.57, 0.078626
118, 674.29, 0.077679
119, 680.00, 0.076600
120, 685.71, 0.075615
121, 691.43, 0.074568
122, 697.14, 0.073510
123, 702.86, 0.072455
124, 708.57, 0.071424
125, 714.29, 0.070504
126, 720.00, 0.069490
127, 725.71, 0.068542
128, 731.43, 0.067516
129, 737.14, 0.066635
130, 742.86, 0.065614
131, 748.57, 0.064693
132, 754.29, 0.063699
133, 760.00, 0.062767
134, 765.71, 0.061881
135, 771.43, 0.060868
136, 777.14, 0.059976
137, 782.86, 0.059040
138, 788.57, 0.058135
139, 794.29, 0.057183
140, 800.00, 0.056216
141, 805.71, 0.055301
142, 811.43, 0.054343
143, 817.14, 0.053436
144, 822.86, 0.052503
145, 828.57, 0.051521
146, 834.29, 0.050566
147, 840.00, 0.049493
148, 845.71, 0.048602
149, 851.43, 0.047554
150, 857.14, 0.046630
151, 862.86, 0.045759
152, 868.57, 0.044727
153, 874.29, 0.043752
154, 880.00, 0.042715
155, 885.71, 0.041581
156, 891.43, 0.040389
157, 897.14, 0.039181
158, 902.86, 0.038251
159, 908.57, 0.037065
160, 914.29, 0.035852
161, 920.00, 0.034613
162, 925.71, 0.033521
163, 931.43, 0.032059
164, 937.14, 0.030466
165, 942.86, 0.029186
166, 948.57, 0.028267
167, 954.29, 0.026438
168, 960.00, 0.024937
169, 965.71, 0.023547
170, 971.43, 0.022572
171, 977.14, 0.021384
172, 982.86, 0.020428
173, 988.57, 0.019622
174, 994.29, 0.018939
175, 1000.00, 0.018406
176, 1005.71, 0.018028
177, 1011.43, 0.017718
178, 1017.14, 0.017426
179, 1022.86, 0.017243
180, 1028.57, 0.017068
181, 1034.29, 0.016885
182, 1040.00, 0.016826
183, 1045.71, 0.016748
184, 1051.43, 0.016660
185, 1057.14, 0.016587
186, 1062.86, 0.016538
187, 1068.57, 0.016480
188, 1074.29, 0.016465
189, 1080.00, 0.016420
190, 1085.71, 0.016375
191, 1091.43, 0.016351
192, 1097.14, 0.016340
193, 1102.86, 0.016302
194, 1108.57, 0.016297
195, 1114.29, 0.016253
196, 1120.00, 0.016251
197, 1125.71, 0.016250
198, 1131.43, 0.016224
199, 1137.14, 0.016237
200, 1142.86, 0.016198
201, 1148.57, 0.016201
202, 1154.29, 0.016214
203, 1160.00, 0.016193
204, 1165.71, 0.016150
205, 1171.43, 0.016178
206, 1177.14, 0.016155
207, 1182.86, 0.016130
208, 1188.57, 0.016146
209, 1194.29, 0.016155
210, 1200.00, 0.016150
211, 1205.71, 0.016120
212, 1211.43, 0.016142
213, 1217.14, 0.016131
214, 1222.86, 0.016123
215, 1228.57, 0.016140
216, 1234.29, 0.016127
217, 1240.00, 0.016128
218, 1245.71, 0.016090
219, 1251.43, 0.016088
220, 1257.14, 0.016129
221, 1262.86, 0.016105
222, 1268.57, 0.016097
223, 1274.29, 0.016096
224, 1280.00, 0.016101
225, 1285.71, 0.016106
226, 1291.43, 0.016075
227, 1297.14, 0.016090
228, 1302.86, 0.016079
229, 1308.57, 0.016073
230, 1314.29, 0.016051
231, 1320.00, 0.016070
232, 1325.71, 0.016086
233, 1331.43, 0.016071
234, 1337.14, 0.016051
235, 1342.86, 0.016065
236, 1348.57, 0.016055
237, 1354.29, 0.016057
238, 1360.00, 0.016018
239, 1365.71, 0.016079
240, 1371.43, 0.016050
241, 1377.14, 0.016062
242, 1382.86, 0.016054
243, 1388.57, 0.016043
244, 1394.29, 0.016030
245, 1400.00, 0.016021
246, 1405.71, 0.016035
谐振频率(Hz): 7222.86
Q值: 1.50
峰值宽度: 17.00
曲线不对称性: 1.429
衰减率: 0.0021
衰减斜率: -0.013382
衰减方差: 0.014829

负载网络诊断信息 (模式1):
最大电压: 0.598119
最大电压位置: 22.00 (时间: 125.71 ms)
末尾/起始电压比: 0.049863
峰值特征: 是
峰值位置特征: 非常早期峰值 (RLC +3)
谐振频率特征: 7222.86 (RLC +3)
Q值特征: 1.50 (RLC +1)
不对称性特征: 1.43 (中间范围，不计分)
峰值宽度特征: 17.00 (LC +2)
峰值/频率比: 0.828 (LC +2)
LC评分: 4
RLC评分: 7
判断置信度: 27.3%
模式1检测到: RLC并联 (LoadNetType = 8)

RLC并联被正确识别：
Index, Time(ms), AIN1_AC_Volt
0, 0.00, 0.072567
1, 5.71, 0.075221
2, 11.43, 0.079566
3, 17.14, 0.085845
4, 22.86, 0.092714
5, 28.57, 0.100157
6, 34.29, 0.108142
7, 40.00, 0.116495
8, 45.71, 0.125064
9, 51.43, 0.134053
10, 57.14, 0.143295
11, 62.86, 0.152850
12, 68.57, 0.162777
13, 74.29, 0.173135
14, 80.00, 0.183795
15, 85.71, 0.194855
16, 91.43, 0.206262
17, 97.14, 0.217992
18, 102.86, 0.229803
19, 108.57, 0.241583
20, 114.29, 0.253651
21, 120.00, 0.265924
22, 125.71, 0.278144
23, 131.43, 0.290419
24, 137.14, 0.302762
25, 142.86, 0.314949
26, 148.57, 0.326693
27, 154.29, 0.338066
28, 160.00, 0.349008
29, 165.71, 0.359599
30, 171.43, 0.370186
31, 177.14, 0.380959
32, 182.86, 0.392096
33, 188.57, 0.403916
34, 194.29, 0.416595
35, 200.00, 0.430063
36, 205.71, 0.444475
37, 211.43, 0.459766
38, 217.14, 0.475716
39, 222.86, 0.492371
40, 228.57, 0.509963
41, 234.29, 0.528147
42, 240.00, 0.546769
43, 245.71, 0.565935
44, 251.43, 0.585519
45, 257.14, 0.605259
46, 262.86, 0.624886
47, 268.57, 0.644196
48, 274.29, 0.663187
49, 280.00, 0.681309
50, 285.71, 0.698454
51, 291.43, 0.714504
52, 297.14, 0.729201
53, 302.86, 0.742213
54, 308.57, 0.753212
55, 314.29, 0.762065
56, 320.00, 0.768880
57, 325.71, 0.773347
58, 331.43, 0.775580
59, 337.14, 0.775759
60, 342.86, 0.773769
61, 348.57, 0.769858
62, 354.29, 0.764201
63, 360.00, 0.757024
64, 365.71, 0.748232
65, 371.43, 0.738443
66, 377.14, 0.727635
67, 382.86, 0.716211
68, 388.57, 0.704213
69, 394.29, 0.691942
70, 400.00, 0.679436
71, 405.71, 0.666477
72, 411.43, 0.653633
73, 417.14, 0.640710
74, 422.86, 0.628004
75, 428.57, 0.615228
76, 434.29, 0.602788
77, 440.00, 0.590723
78, 445.71, 0.578938
79, 451.43, 0.567032
80, 457.14, 0.555674
81, 462.86, 0.544561
82, 468.57, 0.533658
83, 474.29, 0.523236
84, 480.00, 0.513182
85, 485.71, 0.503321
86, 491.43, 0.493909
87, 497.14, 0.484673
88, 502.86, 0.475774
89, 508.57, 0.467180
90, 514.29, 0.458702
91, 520.00, 0.450599
92, 525.71, 0.442878
93, 531.43, 0.435198
94, 537.14, 0.427900
95, 542.86, 0.420801
96, 548.57, 0.413787
97, 554.29, 0.407212
98, 560.00, 0.400751
99, 565.71, 0.394392
100, 571.43, 0.388333
101, 577.14, 0.382532
102, 582.86, 0.376705
103, 588.57, 0.371165
104, 594.29, 0.365721
105, 600.00, 0.360465
106, 605.71, 0.355352
107, 611.43, 0.350416
108, 617.14, 0.345717
109, 622.86, 0.341069
110, 628.57, 0.336555
111, 634.29, 0.332101
112, 640.00, 0.327769
113, 645.71, 0.323595
114, 651.43, 0.319583
115, 657.14, 0.315561
116, 662.86, 0.311729
117, 668.57, 0.307907
118, 674.29, 0.304186
119, 680.00, 0.300587
120, 685.71, 0.297062
121, 691.43, 0.293632
122, 697.14, 0.290285
123, 702.86, 0.287153
124, 708.57, 0.283928
125, 714.29, 0.280782
126, 720.00, 0.277744
127, 725.71, 0.274775
128, 731.43, 0.271902
129, 737.14, 0.269113
130, 742.86, 0.266353
131, 748.57, 0.263539
132, 754.29, 0.260888
133, 760.00, 0.258350
134, 765.71, 0.255745
135, 771.43, 0.253167
136, 777.14, 0.250729
137, 782.86, 0.248404
138, 788.57, 0.245977
139, 794.29, 0.243792
140, 800.00, 0.241462
141, 805.71, 0.239172
142, 811.43, 0.237083
143, 817.14, 0.234938
144, 822.86, 0.232820
145, 828.57, 0.230716
146, 834.29, 0.228687
147, 840.00, 0.226766
148, 845.71, 0.224801
149, 851.43, 0.222907
150, 857.14, 0.221027
151, 862.86, 0.219105
152, 868.57, 0.217304
153, 874.29, 0.215501
154, 880.00, 0.213757
155, 885.71, 0.212055
156, 891.43, 0.210327
157, 897.14, 0.208659
158, 902.86, 0.207019
159, 908.57, 0.205328
160, 914.29, 0.203779
161, 920.00, 0.202143
162, 925.71, 0.200612
163, 931.43, 0.199088
164, 937.14, 0.197556
165, 942.86, 0.196077
166, 948.57, 0.194642
167, 954.29, 0.193189
168, 960.00, 0.191747
169, 965.71, 0.190504
170, 971.43, 0.189086
171, 977.14, 0.187683
172, 982.86, 0.186347
173, 988.57, 0.184974
174, 994.29, 0.183701
175, 1000.00, 0.182431
176, 1005.71, 0.181182
177, 1011.43, 0.179922
178, 1017.14, 0.178736
179, 1022.86, 0.177516
180, 1028.57, 0.176282
181, 1034.29, 0.175134
182, 1040.00, 0.173939
183, 1045.71, 0.172748
184, 1051.43, 0.171601
185, 1057.14, 0.170559
186, 1062.86, 0.169442
187, 1068.57, 0.168373
188, 1074.29, 0.167214
189, 1080.00, 0.166117
190, 1085.71, 0.165069
191, 1091.43, 0.163961
192, 1097.14, 0.162991
193, 1102.86, 0.161948
194, 1108.57, 0.160918
195, 1114.29, 0.159951
196, 1120.00, 0.158942
197, 1125.71, 0.158016
198, 1131.43, 0.157049
199, 1137.14, 0.156079
200, 1142.86, 0.155106
201, 1148.57, 0.154208
202, 1154.29, 0.153262
203, 1160.00, 0.152344
204, 1165.71, 0.151454
205, 1171.43, 0.150567
206, 1177.14, 0.149646
207, 1182.86, 0.148811
208, 1188.57, 0.147959
209, 1194.29, 0.147096
210, 1200.00, 0.146207
211, 1205.71, 0.145319
212, 1211.43, 0.144529
213, 1217.14, 0.143684
214, 1222.86, 0.142845
215, 1228.57, 0.142018
216, 1234.29, 0.141211
217, 1240.00, 0.140456
218, 1245.71, 0.139631
219, 1251.43, 0.138901
220, 1257.14, 0.138133
221, 1262.86, 0.137369
222, 1268.57, 0.136613
223, 1274.29, 0.135859
224, 1280.00, 0.135139
225, 1285.71, 0.134439
226, 1291.43, 0.133669
227, 1297.14, 0.132907
228, 1302.86, 0.132237
229, 1308.57, 0.131557
230, 1314.29, 0.130818
231, 1320.00, 0.130101
232, 1325.71, 0.129452
233, 1331.43, 0.128765
234, 1337.14, 0.128064
235, 1342.86, 0.127382
236, 1348.57, 0.126731
237, 1354.29, 0.126050
238, 1360.00, 0.125409
239, 1365.71, 0.124782
240, 1371.43, 0.124065
241, 1377.14, 0.123435
242, 1382.86, 0.122830
243, 1388.57, 0.122209
244, 1394.29, 0.121543
245, 1400.00, 0.120903
246, 1405.71, 0.120289
谐振频率(Hz): 17688.57
Q值: 1.69
峰值宽度: 37.00
曲线不对称性: 1.312
衰减率: 0.0014
衰减斜率: -0.011232
衰减方差: 0.010138

负载网络诊断信息 (模式1):
最大电压: 0.775759
最大电压位置: 59.00 (时间: 337.14 ms)
末尾/起始电压比: 0.873404
峰值特征: 是
峰值位置特征: 早期峰值 (RLC +2)
谐振频率特征: 17688.57 (中间范围，不计分)
Q值特征: 1.69 (RLC +1)
不对称性特征: 1.31 (中间范围，不计分)
峰值宽度特征: 37.00 (中间范围，不计分)
峰值/频率比: 0.439 (中间范围，不计分)
LC评分: 0
RLC评分: 3
判断置信度: 100.0%
模式1检测到: RLC并联 (LoadNetType = 8)