  SerialMaster_SendCommand("SET_SWEEP 1 90 50000 1023 1000 100"); 电容测量：：效果不错 阻抗：50Ω
  SerialMaster_SendCommand("SET_SWEEP 1 1000 200000 1023 1000 100"); 电感测量：效果不错 阻抗：50Ω

  SerialMaster_SendCommand("SET_SWEEP 1 1000 40000 1023 1000 100"); //RL并联：效果较好；LC并联：效果较好；RLC并联：效果较好， 阻抗：50Ω 待机：100Hz
  SerialMaster_SendCommand("SET_SWEEP 1 10000 2000000 1023 1000 100"); RL串联：效果不错；RC并联：效果不错 阻抗：1kΩ 待机：100Hz ->效果还行，通过100个数据可以判断出来

  SerialMaster_SendCommand("SET_SWEEP 1 100 1000000 1023 1000 2000000"); RLC串联：效果不错，串联电阻越小越好；LC串联：效果很好；RC串联：效果一般，有点难采集到数据 阻抗：1kΩ 待机：2MHz



RL并联数据：
执行LoadMode_DC，等待前50ms...
发送命令: SET_SWEEP 1 1000 40000 1023 1000 100
进入模式1，平均电压: 0.0055
采样点数: 100
接收: SET_SWEEP
Index, Time(ms), AIN1_AC_Volt
0, 0.00, 0.169163
1, 5.71, 0.169163
2, 11.43, 0.173865
3, 17.14, 0.173865
4, 22.86, 0.173865
5, 28.57, 0.173865
6, 34.29, 0.173865
7, 40.00, 0.173865
8, 45.71, 0.173865
9, 51.43, 0.222555
10, 57.14, 0.222555
11, 62.86, 0.222555
12, 68.57, 0.222555
13, 74.29, 0.222555
14, 80.00, 0.222555
15, 85.71, 0.222555
16, 91.43, 0.274727
17, 97.14, 0.274727
18, 102.86, 0.274727
19, 108.57, 0.274727
20, 114.29, 0.274727
21, 120.00, 0.274727
22, 125.71, 0.329835
23, 131.43, 0.329835
24, 137.14, 0.329835
25, 142.86, 0.329835
26, 148.57, 0.329835
27, 154.29, 0.329835
28, 160.00, 0.329835
29, 165.71, 0.390786
30, 171.43, 0.390786
31, 177.14, 0.390786
32, 182.86, 0.390786
33, 188.57, 0.390786
34, 194.29, 0.390786
35, 200.00, 0.444109
36, 205.71, 0.444109
37, 211.43, 0.444109
38, 217.14, 0.444109
39, 222.86, 0.444109
40, 228.57, 0.444109
41, 234.29, 0.444109
42, 240.00, 0.495329
43, 245.71, 0.495329
44, 251.43, 0.495329
45, 257.14, 0.495329
46, 262.86, 0.495329
47, 268.57, 0.495329
48, 274.29, 0.495329
49, 280.00, 0.549733
50, 285.71, 0.549733
51, 291.43, 0.549733
52, 297.14, 0.549733
53, 302.86, 0.549733
54, 308.57, 0.549733
55, 314.29, 0.596083
56, 320.00, 0.596083
57, 325.71, 0.596083
58, 331.43, 0.596083
59, 337.14, 0.596083
60, 342.86, 0.596083
61, 348.57, 0.596083
62, 354.29, 0.640501
63, 360.00, 0.640501
64, 365.71, 0.640501
65, 371.43, 0.640501
66, 377.14, 0.640501
67, 382.86, 0.640501
68, 388.57, 0.640501
69, 394.29, 0.687276
70, 400.00, 0.687276
71, 405.71, 0.687276
72, 411.43, 0.687276
73, 417.14, 0.687276
74, 422.86, 0.687276
75, 428.57, 0.727079
76, 434.29, 0.727079
77, 440.00, 0.727079
78, 445.71, 0.727079
79, 451.43, 0.727079
80, 457.14, 0.727079
81, 462.86, 0.765227
82, 468.57, 0.765227
83, 474.29, 0.765227
84, 480.00, 0.765227
85, 485.71, 0.765227
86, 491.43, 0.765227
87, 497.14, 0.765227
88, 502.86, 0.804952
89, 508.57, 0.804952
90, 514.29, 0.804952
91, 520.00, 0.804952
92, 525.71, 0.804952
93, 531.43, 0.804952
94, 537.14, 0.804952
95, 542.86, 0.838875
96, 548.57, 0.838875
97, 554.29, 0.838875
98, 560.00, 0.838875
99, 565.71, 0.838875
100, 571.43, 0.838875
101, 577.14, 0.871066
102, 582.86, 0.871066
103, 588.57, 0.871066
104, 594.29, 0.871066
105, 600.00, 0.871066
106, 605.71, 0.871066
107, 611.43, 0.871066
108, 617.14, 0.904531
109, 622.86, 0.904531
110, 628.57, 0.904531
111, 634.29, 0.904531
112, 640.00, 0.904531
113, 645.71, 0.904531
114, 651.43, 0.904531
115, 657.14, 0.932842
116, 662.86, 0.932842
117, 668.57, 0.932842
118, 674.29, 0.932842
119, 680.00, 0.932842
120, 685.71, 0.932842
121, 691.43, 0.959509
122, 697.14, 0.959509
123, 702.86, 0.959509
124, 708.57, 0.959509
125, 714.29, 0.959509
126, 720.00, 0.959509
127, 725.71, 0.959509
Total samples: 128
Target samples: 128
Sampling time: 1000 ms
Actual sampling rate: 128.00 SPS
等待1000毫秒后重新开始...

LC并联数据：
执行LoadMode_DC，等待前50ms...
发送命令: SET_SWEEP 1 1000 40000 1023 1000 100
进入模式1，平均电压: 0.0056
采样点数: 100
接收: SET_SWEEP
Index, Time(ms), AIN1_AC_Volt
0, 0.00, 0.158547
1, 5.71, 0.158547
2, 11.43, 0.158547
3, 17.14, 0.158547
4, 22.86, 0.158547
5, 28.57, 0.158547
6, 34.29, 0.211614
7, 40.00, 0.211614
8, 45.71, 0.211614
9, 51.43, 0.211614
10, 57.14, 0.211614
11, 62.86, 0.211614
12, 68.57, 0.278608
13, 74.29, 0.278608
14, 80.00, 0.278608
15, 85.71, 0.278608
16, 91.43, 0.278608
17, 97.14, 0.278608
18, 102.86, 0.278608
19, 108.57, 0.369980
20, 114.29, 0.369980
21, 120.00, 0.369980
22, 125.71, 0.369980
23, 131.43, 0.369980
24, 137.14, 0.369980
25, 142.86, 0.369980
26, 148.57, 0.500289
27, 154.29, 0.500289
28, 160.00, 0.500289
29, 165.71, 0.500289
30, 171.43, 0.500289
31, 177.14, 0.500289
32, 182.86, 0.632211
33, 188.57, 0.632211
34, 194.29, 0.632211
35, 200.00, 0.632211
36, 205.71, 0.632211
37, 211.43, 0.632211
38, 217.14, 0.632211
39, 222.86, 0.730148
40, 228.57, 0.730148
41, 234.29, 0.730148
42, 240.00, 0.730148
43, 245.71, 0.730148
44, 251.43, 0.730148
45, 257.14, 0.730148
46, 262.86, 0.730460
47, 268.57, 0.730460
48, 274.29, 0.730460
49, 280.00, 0.730460
50, 285.71, 0.730460
51, 291.43, 0.730460
52, 297.14, 0.660352
53, 302.86, 0.660352
54, 308.57, 0.660352
55, 314.29, 0.660352
56, 320.00, 0.660352
57, 325.71, 0.660352
58, 331.43, 0.575800
59, 337.14, 0.575800
60, 342.86, 0.575800
61, 348.57, 0.575800
62, 354.29, 0.575800
63, 360.00, 0.575800
64, 365.71, 0.575800
65, 371.43, 0.575800
66, 377.14, 0.494361
67, 382.86, 0.494361
68, 388.57, 0.494361
69, 394.29, 0.494361
70, 400.00, 0.494361
71, 405.71, 0.494361
72, 411.43, 0.435300
73, 417.14, 0.435300
74, 422.86, 0.435300
75, 428.57, 0.435300
76, 434.29, 0.435300
77, 440.00, 0.435300
78, 445.71, 0.387020
79, 451.43, 0.387020
80, 457.14, 0.387020
81, 462.86, 0.387020
82, 468.57, 0.387020
83, 474.29, 0.387020
84, 480.00, 0.387020
85, 485.71, 0.344606
86, 491.43, 0.344606
87, 497.14, 0.344606
88, 502.86, 0.344606
89, 508.57, 0.344606
90, 514.29, 0.344606
91, 520.00, 0.344606
92, 525.71, 0.313895
93, 531.43, 0.313895
94, 537.14, 0.313895
95, 542.86, 0.313895
96, 548.57, 0.313895
97, 554.29, 0.313895
98, 560.00, 0.288053
99, 565.71, 0.288053
100, 571.43, 0.288053
101, 577.14, 0.288053
102, 582.86, 0.288053
103, 588.57, 0.288053
104, 594.29, 0.288053
105, 600.00, 0.264295
106, 605.71, 0.264295
107, 611.43, 0.264295
108, 617.14, 0.264295
109, 622.86, 0.264295
110, 628.57, 0.264295
111, 634.29, 0.264295
112, 640.00, 0.245929
113, 645.71, 0.245929
114, 651.43, 0.245929
115, 657.14, 0.245929
116, 662.86, 0.245929
117, 668.57, 0.245929
118, 674.29, 0.229896
119, 680.00, 0.229896
120, 685.71, 0.229896
121, 691.43, 0.229896
122, 697.14, 0.229896
123, 702.86, 0.229896
124, 708.57, 0.229896
125, 714.29, 0.214539
126, 720.00, 0.214539
127, 725.71, 0.214539
Total samples: 128
Target samples: 128
Sampling time: 1000 ms
Actual sampling rate: 128.00 SPS
等待1000毫秒后重新开始...

RLC并联数据：
执行LoadMode_DC，等待前50ms...
发送命令: SET_SWEEP 1 1000 40000 1023 1000 100
进入模式1，平均电压: 0.0055
采样点数: 100
接收: SET_SWEEP
Index, Time(ms), AIN1_AC_Volt
0, 0.00, 0.153019
1, 5.71, 0.153019
2, 11.43, 0.153019
3, 17.14, 0.153019
4, 22.86, 0.153019
5, 28.57, 0.153019
6, 34.29, 0.209666
7, 40.00, 0.209666
8, 45.71, 0.209666
9, 51.43, 0.209666
10, 57.14, 0.209666
11, 62.86, 0.209666
12, 68.57, 0.209666
13, 74.29, 0.277086
14, 80.00, 0.277086
15, 85.71, 0.277086
16, 91.43, 0.277086
17, 97.14, 0.277086
18, 102.86, 0.277086
19, 108.57, 0.277086
20, 114.29, 0.379696
21, 120.00, 0.379696
22, 125.71, 0.379696
23, 131.43, 0.379696
24, 137.14, 0.379696
25, 142.86, 0.379696
26, 148.57, 0.497603
27, 154.29, 0.497603
28, 160.00, 0.497603
29, 165.71, 0.497603
30, 171.43, 0.497603
31, 177.14, 0.497603
32, 182.86, 0.497603
33, 188.57, 0.627305
34, 194.29, 0.627305
35, 200.00, 0.627305
36, 205.71, 0.627305
37, 211.43, 0.627305
38, 217.14, 0.627305
39, 222.86, 0.627305
40, 228.57, 0.722991
41, 234.29, 0.722991
42, 240.00, 0.722991
43, 245.71, 0.722991
44, 251.43, 0.722991
45, 257.14, 0.722991
46, 262.86, 0.711888
47, 268.57, 0.711888
48, 274.29, 0.711888
49, 280.00, 0.711888
50, 285.71, 0.711888
51, 291.43, 0.711888
52, 297.14, 0.639330
53, 302.86, 0.639330
54, 308.57, 0.639330
55, 314.29, 0.639330
56, 320.00, 0.639330
57, 325.71, 0.639330
58, 331.43, 0.639330
59, 337.14, 0.547716
60, 342.86, 0.547716
61, 348.57, 0.547716
62, 354.29, 0.547716
63, 360.00, 0.547716
64, 365.71, 0.547716
65, 371.43, 0.547716
66, 377.14, 0.476218
67, 382.86, 0.476218
68, 388.57, 0.476218
69, 394.29, 0.476218
70, 400.00, 0.476218
71, 405.71, 0.476218
72, 411.43, 0.418402
73, 417.14, 0.418402
74, 422.86, 0.418402
75, 428.57, 0.418402
76, 434.29, 0.418402
77, 440.00, 0.418402
78, 445.71, 0.418402
79, 451.43, 0.367959
80, 457.14, 0.367959
81, 462.86, 0.367959
82, 468.57, 0.367959
83, 474.29, 0.367959
84, 480.00, 0.367959
85, 485.71, 0.367959
86, 491.43, 0.331881
87, 497.14, 0.331881
88, 502.86, 0.331881
89, 508.57, 0.331881
90, 514.29, 0.331881
91, 520.00, 0.331881
92, 525.71, 0.301917
93, 531.43, 0.301917
94, 537.14, 0.301917
95, 542.86, 0.301917
96, 548.57, 0.301917
97, 554.29, 0.301917
98, 560.00, 0.301917
99, 565.71, 0.274769
100, 571.43, 0.274769
101, 577.14, 0.274769
102, 582.86, 0.274769
103, 588.57, 0.274769
104, 594.29, 0.274769
105, 600.00, 0.274769
106, 605.71, 0.254094
107, 611.43, 0.254094
108, 617.14, 0.254094
109, 622.86, 0.254094
110, 628.57, 0.254094
111, 634.29, 0.254094
112, 640.00, 0.236342
113, 645.71, 0.236342
114, 651.43, 0.236342
115, 657.14, 0.236342
116, 662.86, 0.236342
117, 668.57, 0.236342
118, 674.29, 0.236342
119, 680.00, 0.219455
120, 685.71, 0.219455
121, 691.43, 0.219455
122, 697.14, 0.219455
123, 702.86, 0.219455
124, 708.57, 0.219455
125, 714.29, 0.206251
126, 720.00, 0.206251
127, 725.71, 0.206251
Total samples: 128
Target samples: 128
Sampling time: 1000 ms
Actual sampling rate: 128.00 SPS
等待1000毫秒后重新开始...

RL串联数据：
Index, Time(ms), AIN1_AC_Volt
0, 0.00, 0.411381
1, 5.71, 0.411381
2, 11.43, 0.423633
3, 17.14, 0.423633
4, 22.86, 0.423633
5, 28.57, 0.423633
6, 34.29, 0.423633
7, 40.00, 0.423633
8, 45.71, 0.423633
9, 51.43, 0.495253
10, 57.14, 0.495253
11, 62.86, 0.495253
12, 68.57, 0.495253
13, 74.29, 0.495253
14, 80.00, 0.495253
15, 85.71, 0.589455
16, 91.43, 0.589455
17, 97.14, 0.589455
18, 102.86, 0.589455
19, 108.57, 0.589455
20, 114.29, 0.589455
21, 120.00, 0.589455
22, 125.71, 0.701586
23, 131.43, 0.701586
24, 137.14, 0.701586
25, 142.86, 0.701586
26, 148.57, 0.701586
27, 154.29, 0.701586
28, 160.00, 0.701586
29, 165.71, 0.830801
30, 171.43, 0.830801
31, 177.14, 0.830801
32, 182.86, 0.830801
33, 188.57, 0.830801
34, 194.29, 0.830801
35, 200.00, 0.944354
36, 205.71, 0.944354
37, 211.43, 0.944354
38, 217.14, 0.944354
39, 222.86, 0.944354
40, 228.57, 0.944354
41, 234.29, 0.944354
42, 240.00, 1.048269
43, 245.71, 1.048269
44, 251.43, 1.048269
45, 257.14, 1.048269
46, 262.86, 1.048269
47, 268.57, 1.048269
48, 274.29, 1.048269
49, 280.00, 1.150600
50, 285.71, 1.150600
51, 291.43, 1.150600
52, 297.14, 1.150600
53, 302.86, 1.150600
54, 308.57, 1.150600
55, 314.29, 1.232760
56, 320.00, 1.232760
57, 325.71, 1.232760
58, 331.43, 1.232760
59, 337.14, 1.232760
60, 342.86, 1.232760
61, 348.57, 1.232760
62, 354.29, 1.305180
63, 360.00, 1.305180
64, 365.71, 1.305180
65, 371.43, 1.305180
66, 377.14, 1.305180
67, 382.86, 1.305180
68, 388.57, 1.305180
69, 394.29, 1.375207
70, 400.00, 1.375207
71, 405.71, 1.375207
72, 411.43, 1.375207
73, 417.14, 1.375207
74, 422.86, 1.375207
75, 428.57, 1.429543
76, 434.29, 1.429543
77, 440.00, 1.429543
78, 445.71, 1.429543
79, 451.43, 1.429543
80, 457.14, 1.429543
81, 462.86, 1.429543
82, 468.57, 1.476598
83, 474.29, 1.476598
84, 480.00, 1.476598
85, 485.71, 1.476598
86, 491.43, 1.476598
87, 497.14, 1.476598
88, 502.86, 1.476598
89, 508.57, 1.519807
90, 514.29, 1.519807
91, 520.00, 1.519807
92, 525.71, 1.519807
93, 531.43, 1.519807
94, 537.14, 1.519807
95, 542.86, 1.552093
96, 548.57, 1.552093
97, 554.29, 1.552093
98, 560.00, 1.552093
99, 565.71, 1.552093
100, 571.43, 1.552093
101, 577.14, 1.552093
102, 582.86, 1.578545
103, 588.57, 1.578545
104, 594.29, 1.578545
105, 600.00, 1.578545
106, 605.71, 1.578545
107, 611.43, 1.578545
108, 617.14, 1.578545
109, 622.86, 1.601731
110, 628.57, 1.601731
111, 634.29, 1.601731
112, 640.00, 1.601731
113, 645.71, 1.601731
114, 651.43, 1.601731
115, 657.14, 1.617806
116, 662.86, 1.617806
117, 668.57, 1.617806
118, 674.29, 1.617806
119, 680.00, 1.617806
120, 685.71, 1.617806
121, 691.43, 1.617806
122, 697.14, 1.629911
123, 702.86, 1.629911
124, 708.57, 1.629911
125, 714.29, 1.629911
126, 720.00, 1.629911
127, 725.71, 1.629911

RC并联数据：
Index, Time(ms), AIN1_AC_Volt
0, 0.00, 0.910808
1, 5.71, 0.910808
2, 11.43, 0.910808
3, 17.14, 0.910808
4, 22.86, 0.910808
5, 28.57, 0.910808
6, 34.29, 0.910808
7, 40.00, 0.016047
8, 45.71, 0.016047
9, 51.43, 0.016047
10, 57.14, 0.016047
11, 62.86, 0.016047
12, 68.57, 0.016047
13, 74.29, 0.015993
14, 80.00, 0.015993
15, 85.71, 0.015993
16, 91.43, 0.015993
17, 97.14, 0.015993
18, 102.86, 0.015993
19, 108.57, 0.015993
20, 114.29, 0.015992
21, 120.00, 0.015992
22, 125.71, 0.015992
23, 131.43, 0.015992
24, 137.14, 0.015992
25, 142.86, 0.015992
26, 148.57, 0.015992
27, 154.29, 0.015991
28, 160.00, 0.015991
29, 165.71, 0.015991
30, 171.43, 0.015991
31, 177.14, 0.015991
32, 182.86, 0.015991
33, 188.57, 0.015998
34, 194.29, 0.015998
35, 200.00, 0.015998
36, 205.71, 0.015998
37, 211.43, 0.015998
38, 217.14, 0.015998
39, 222.86, 0.015996
40, 228.57, 0.015996
41, 234.29, 0.015996
42, 240.00, 0.015996
43, 245.71, 0.015996
44, 251.43, 0.015996
45, 257.14, 0.015996
46, 262.86, 0.015996
47, 268.57, 0.016016
48, 274.29, 0.016016
49, 280.00, 0.016016
50, 285.71, 0.016016
51, 291.43, 0.016016
52, 297.14, 0.016016
53, 302.86, 0.015975
54, 308.57, 0.015975
55, 314.29, 0.015975
56, 320.00, 0.015975
57, 325.71, 0.015975
58, 331.43, 0.015975
59, 337.14, 0.015973
60, 342.86, 0.015973
61, 348.57, 0.015973
62, 354.29, 0.015973
63, 360.00, 0.015973
64, 365.71, 0.015973
65, 371.43, 0.015973
66, 377.14, 0.015969
67, 382.86, 0.015969
68, 388.57, 0.015969
69, 394.29, 0.015969
70, 400.00, 0.015969
71, 405.71, 0.015969
72, 411.43, 0.015969
73, 417.14, 0.015964
74, 422.86, 0.015964
75, 428.57, 0.015964
76, 434.29, 0.015964
77, 440.00, 0.015964
78, 445.71, 0.015964
79, 451.43, 0.015967
80, 457.14, 0.015967
81, 462.86, 0.015967
82, 468.57, 0.015967
83, 474.29, 0.015967
84, 480.00, 0.015967
85, 485.71, 0.015967
86, 491.43, 0.015999
87, 497.14, 0.015999
88, 502.86, 0.015999
89, 508.57, 0.015999
90, 514.29, 0.015999
91, 520.00, 0.015999
92, 525.71, 0.015976
93, 531.43, 0.015976
94, 537.14, 0.015976
95, 542.86, 0.015976
96, 548.57, 0.015976
97, 554.29, 0.015976
98, 560.00, 0.015976
99, 565.71, 0.016030
100, 571.43, 0.016030
101, 577.14, 0.016030
102, 582.86, 0.016030
103, 588.57, 0.016030
104, 594.29, 0.016030
105, 600.00, 0.016030
106, 605.71, 0.016014
107, 611.43, 0.016014
108, 617.14, 0.016014
109, 622.86, 0.016014
110, 628.57, 0.016014
111, 634.29, 0.016014
112, 640.00, 0.016000
113, 645.71, 0.016000
114, 651.43, 0.016000
115, 657.14, 0.016000
116, 662.86, 0.016000
117, 668.57, 0.016000
118, 674.29, 0.015992
119, 680.00, 0.015992
120, 685.71, 0.015992
121, 691.43, 0.015992
122, 697.14, 0.015992
123, 702.86, 0.015992
124, 708.57, 0.015992
125, 714.29, 0.015983
126, 720.00, 0.015983
127, 725.71, 0.015983


RLC串联数据，第一组：
Index, Time(ms), AIN1_AC_Volt
0, 0.00, 1.622230
1, 5.71, 1.622230
2, 11.43, 1.622230
3, 17.14, 0.647720
4, 22.86, 0.647720
5, 28.57, 0.647720
6, 34.29, 0.647720
7, 40.00, 0.647720
8, 45.71, 0.647720
9, 51.43, 0.647720
10, 57.14, 0.629387
11, 62.86, 0.629387
12, 68.57, 0.629387
13, 74.29, 0.629387
14, 80.00, 0.629387
15, 85.71, 0.629387
16, 91.43, 0.644097
17, 97.14, 0.644097
18, 102.86, 0.644097
19, 108.57, 0.644097
20, 114.29, 0.644097
21, 120.00, 0.644097
22, 125.71, 0.644097
23, 131.43, 0.668668
24, 137.14, 0.668668
25, 142.86, 0.668668
26, 148.57, 0.668668
27, 154.29, 0.668668
28, 160.00, 0.668668
29, 165.71, 0.696941
30, 171.43, 0.696941
31, 177.14, 0.696941
32, 182.86, 0.696941
33, 188.57, 0.696941
34, 194.29, 0.696941
35, 200.00, 0.696941
36, 205.71, 0.729742
37, 211.43, 0.729742
38, 217.14, 0.729742
39, 222.86, 0.729742
40, 228.57, 0.729742
41, 234.29, 0.729742
42, 240.00, 0.729742
43, 245.71, 0.770320
44, 251.43, 0.770320
45, 257.14, 0.770320
46, 262.86, 0.770320
47, 268.57, 0.770320
48, 274.29, 0.770320
49, 280.00, 0.809496
50, 285.71, 0.809496
51, 291.43, 0.809496
52, 297.14, 0.809496
53, 302.86, 0.809496
54, 308.57, 0.809496
55, 314.29, 0.809496
56, 320.00, 0.850118
57, 325.71, 0.850118
58, 331.43, 0.850118
59, 337.14, 0.850118
60, 342.86, 0.850118
61, 348.57, 0.850118
62, 354.29, 0.850118
63, 360.00, 0.896167
64, 365.71, 0.896167
65, 371.43, 0.896167
66, 377.14, 0.896167
67, 382.86, 0.896167
68, 388.57, 0.896167
69, 394.29, 0.937460
70, 400.00, 0.937460
71, 405.71, 0.937460
72, 411.43, 0.937460
73, 417.14, 0.937460
74, 422.86, 0.937460
75, 428.57, 0.978409
76, 434.29, 0.978409
77, 440.00, 0.978409
78, 445.71, 0.978409
79, 451.43, 0.978409
80, 457.14, 0.978409
81, 462.86, 0.978409
82, 468.57, 1.022954
83, 474.29, 1.022954
84, 480.00, 1.022954
85, 485.71, 1.022954
86, 491.43, 1.022954
87, 497.14, 1.022954
88, 502.86, 1.022954
89, 508.57, 1.061814
90, 514.29, 1.061814
91, 520.00, 1.061814
92, 525.71, 1.061814
93, 531.43, 1.061814
94, 537.14, 1.061814
95, 542.86, 1.099931
96, 548.57, 1.099931
97, 554.29, 1.099931
98, 560.00, 1.099931
99, 565.71, 1.099931
100, 571.43, 1.099931
101, 577.14, 1.099931
102, 582.86, 1.140427
103, 588.57, 1.140427
104, 594.29, 1.140427
105, 600.00, 1.140427
106, 605.71, 1.140427
107, 611.43, 1.140427
108, 617.14, 1.140427
109, 622.86, 1.175831
110, 628.57, 1.175831
111, 634.29, 1.175831
112, 640.00, 1.175831
113, 645.71, 1.175831
114, 651.43, 1.175831
115, 657.14, 1.209439
116, 662.86, 1.209439
117, 668.57, 1.209439
118, 674.29, 1.209439
119, 680.00, 1.209439
120, 685.71, 1.209439
121, 691.43, 1.209439
122, 697.14, 1.244914
123, 702.86, 1.244914
124, 708.57, 1.244914
125, 714.29, 1.244914
126, 720.00, 1.244914
127, 725.71, 1.244914

RLC串联数据，第二组：
Index, Time(ms), AIN1_AC_Volt
0, 0.00, 1.548612
1, 5.71, 1.548612
2, 11.43, 1.548612
3, 17.14, 1.051678
4, 22.86, 1.051678
5, 28.57, 1.051678
6, 34.29, 1.051678
7, 40.00, 1.051678
8, 45.71, 1.051678
9, 51.43, 1.051675
10, 57.14, 1.051675
11, 62.86, 1.051675
12, 68.57, 1.051675
13, 74.29, 1.051675
14, 80.00, 1.051675
15, 85.71, 1.054005
16, 91.43, 1.054005
17, 97.14, 1.054005
18, 102.86, 1.054005
19, 108.57, 1.054005
20, 114.29, 1.054005
21, 120.00, 1.054005
22, 125.71, 1.057929
23, 131.43, 1.057929
24, 137.14, 1.057929
25, 142.86, 1.057929
26, 148.57, 1.057929
27, 154.29, 1.057929
28, 160.00, 1.057929
29, 165.71, 1.062618
30, 171.43, 1.062618
31, 177.14, 1.062618
32, 182.86, 1.062618
33, 188.57, 1.062618
34, 194.29, 1.062618
35, 200.00, 1.068427
36, 205.71, 1.068427
37, 211.43, 1.068427
38, 217.14, 1.068427
39, 222.86, 1.068427
40, 228.57, 1.068427
41, 234.29, 1.068427
42, 240.00, 1.076215
43, 245.71, 1.076215
44, 251.43, 1.076215
45, 257.14, 1.076215
46, 262.86, 1.076215
47, 268.57, 1.076215
48, 274.29, 1.084161
49, 280.00, 1.084161
50, 285.71, 1.084161
51, 291.43, 1.084161
52, 297.14, 1.084161
53, 302.86, 1.084161
54, 308.57, 1.093145
55, 314.29, 1.093145
56, 320.00, 1.093145
57, 325.71, 1.093145
58, 331.43, 1.093145
59, 337.14, 1.093145
60, 342.86, 1.093145
61, 348.57, 1.103992
62, 354.29, 1.103992
63, 360.00, 1.103992
64, 365.71, 1.103992
65, 371.43, 1.103992
66, 377.14, 1.103992
67, 382.86, 1.103992
68, 388.57, 1.114612
69, 394.29, 1.114612
70, 400.00, 1.114612
71, 405.71, 1.114612
72, 411.43, 1.114612
73, 417.14, 1.114612
74, 422.86, 1.126073
75, 428.57, 1.126073
76, 434.29, 1.126073
77, 440.00, 1.126073
78, 445.71, 1.126073
79, 451.43, 1.126073
80, 457.14, 1.126073
81, 462.86, 1.139416
82, 468.57, 1.139416
83, 474.29, 1.139416
84, 480.00, 1.139416
85, 485.71, 1.139416
86, 491.43, 1.139416
87, 497.14, 1.151949
88, 502.86, 1.151949
89, 508.57, 1.151949
90, 514.29, 1.151949
91, 520.00, 1.151949
92, 525.71, 1.151949
93, 531.43, 1.164989
94, 537.14, 1.164989
95, 542.86, 1.164989
96, 548.57, 1.164989
97, 554.29, 1.164989
98, 560.00, 1.164989
99, 565.71, 1.164989
100, 571.43, 1.179864
101, 577.14, 1.179864
102, 582.86, 1.179864
103, 588.57, 1.179864
104, 594.29, 1.179864
105, 600.00, 1.179864
106, 605.71, 1.193673
107, 611.43, 1.193673
108, 617.14, 1.193673
109, 622.86, 1.193673
110, 628.57, 1.193673
111, 634.29, 1.193673
112, 640.00, 1.207654
113, 645.71, 1.207654
114, 651.43, 1.207654
115, 657.14, 1.207654
116, 662.86, 1.207654
117, 668.57, 1.207654
118, 674.29, 1.207654
119, 680.00, 1.223449
120, 685.71, 1.223449
121, 691.43, 1.223449
122, 697.14, 1.223449
123, 702.86, 1.223449
124, 708.57, 1.223449
125, 714.29, 1.223449
126, 720.00, 1.237685
127, 725.71, 1.237685


RL串联数据，第一组：
Index, Time(ms), AIN1_AC_Volt
0, 0.00, 1.665734
1, 5.71, 1.665734
2, 11.43, 1.665734
3, 17.14, 0.414264
4, 22.86, 0.414264
5, 28.57, 0.414264
6, 34.29, 0.414264
7, 40.00, 0.414264
8, 45.71, 0.414264
9, 51.43, 0.414264
10, 57.14, 0.143232
11, 62.86, 0.143232
12, 68.57, 0.143232
13, 74.29, 0.143232
14, 80.00, 0.143232
15, 85.71, 0.143232
16, 91.43, 0.267430
17, 97.14, 0.267430
18, 102.86, 0.267430
19, 108.57, 0.267430
20, 114.29, 0.267430
21, 120.00, 0.267430
22, 125.71, 0.267430
23, 131.43, 0.381999
24, 137.14, 0.381999
25, 142.86, 0.381999
26, 148.57, 0.381999
27, 154.29, 0.381999
28, 160.00, 0.381999
29, 165.71, 0.381999
30, 171.43, 0.501217
31, 177.14, 0.501217
32, 182.86, 0.501217
33, 188.57, 0.501217
34, 194.29, 0.501217
35, 200.00, 0.501217
36, 205.71, 0.602661
37, 211.43, 0.602661
38, 217.14, 0.602661
39, 222.86, 0.602661
40, 228.57, 0.602661
41, 234.29, 0.602661
42, 240.00, 0.602661
43, 245.71, 0.698194
44, 251.43, 0.698194
45, 257.14, 0.698194
46, 262.86, 0.698194
47, 268.57, 0.698194
48, 274.29, 0.698194
49, 280.00, 0.698194
50, 285.71, 0.795915
51, 291.43, 0.795915
52, 297.14, 0.795915
53, 302.86, 0.795915
54, 308.57, 0.795915
55, 314.29, 0.795915
56, 320.00, 0.795915
57, 325.71, 0.879382
58, 331.43, 0.879382
59, 337.14, 0.879382
60, 342.86, 0.879382
61, 348.57, 0.879382
62, 354.29, 0.879382
63, 360.00, 0.955822
64, 365.71, 0.955822
65, 371.43, 0.955822
66, 377.14, 0.955822
67, 382.86, 0.955822
68, 388.57, 0.955822
69, 394.29, 0.955822
70, 400.00, 1.033171
71, 405.71, 1.033171
72, 411.43, 1.033171
73, 417.14, 1.033171
74, 422.86, 1.033171
75, 428.57, 1.033171
76, 434.29, 1.033171
77, 440.00, 1.097756
78, 445.71, 1.097756
79, 451.43, 1.097756
80, 457.14, 1.097756
81, 462.86, 1.097756
82, 468.57, 1.097756
83, 474.29, 1.157094
84, 480.00, 1.157094
85, 485.71, 1.157094
86, 491.43, 1.157094
87, 497.14, 1.157094
88, 502.86, 1.157094
89, 508.57, 1.157094
90, 514.29, 1.157094
91, 520.00, 1.216759
92, 525.71, 1.216759
93, 531.43, 1.216759
94, 537.14, 1.216759
95, 542.86, 1.216759
96, 548.57, 1.216759
97, 554.29, 1.266104
98, 560.00, 1.266104
99, 565.71, 1.266104
100, 571.43, 1.266104
101, 577.14, 1.266104
102, 582.86, 1.266104
103, 588.57, 1.311205
104, 594.29, 1.311205
105, 600.00, 1.311205
106, 605.71, 1.311205
107, 611.43, 1.311205
108, 617.14, 1.311205
109, 622.86, 1.311205
110, 628.57, 1.311205
111, 634.29, 1.356533
112, 640.00, 1.356533
113, 645.71, 1.356533
114, 651.43, 1.356533
115, 657.14, 1.356533
116, 662.86, 1.356533
117, 668.57, 1.393921
118, 674.29, 1.393921
119, 680.00, 1.393921
120, 685.71, 1.393921
121, 691.43, 1.393921
122, 697.14, 1.393921
123, 702.86, 1.393921
124, 708.57, 1.427884
125, 714.29, 1.427884
126, 720.00, 1.427884
127, 725.71, 1.427884

RL串联数据，第二组：
Index, Time(ms), AIN1_AC_Volt
0, 0.00, 1.665528
1, 5.71, 1.665528
2, 11.43, 1.665528
3, 17.14, 1.665528
4, 22.86, 1.665528
5, 28.57, 0.116048
6, 34.29, 0.116048
7, 40.00, 0.116048
8, 45.71, 0.116048
9, 51.43, 0.116048
10, 57.14, 0.116048
11, 62.86, 0.116048
12, 68.57, 0.194173
13, 74.29, 0.194173
14, 80.00, 0.194173
15, 85.71, 0.194173
16, 91.43, 0.194173
17, 97.14, 0.194173
18, 102.86, 0.312861
19, 108.57, 0.312861
20, 114.29, 0.312861
21, 120.00, 0.312861
22, 125.71, 0.312861
23, 131.43, 0.312861
24, 137.14, 0.312861
25, 142.86, 0.425499
26, 148.57, 0.425499
27, 154.29, 0.425499
28, 160.00, 0.425499
29, 165.71, 0.425499
30, 171.43, 0.425499
31, 177.14, 0.425499
32, 182.86, 0.542237
33, 188.57, 0.542237
34, 194.29, 0.542237
35, 200.00, 0.542237
36, 205.71, 0.542237
37, 211.43, 0.542237
38, 217.14, 0.542237
39, 222.86, 0.641612
40, 228.57, 0.641612
41, 234.29, 0.641612
42, 240.00, 0.641612
43, 245.71, 0.641612
44, 251.43, 0.641612
45, 257.14, 0.735575
46, 262.86, 0.735575
47, 268.57, 0.735575
48, 274.29, 0.735575
49, 280.00, 0.735575
50, 285.71, 0.735575
51, 291.43, 0.735575
52, 297.14, 0.735575
53, 302.86, 0.832737
54, 308.57, 0.832737
55, 314.29, 0.832737
56, 320.00, 0.832737
57, 325.71, 0.832737
58, 331.43, 0.832737
59, 337.14, 0.914183
60, 342.86, 0.914183
61, 348.57, 0.914183
62, 354.29, 0.914183
63, 360.00, 0.914183
64, 365.71, 0.914183
65, 371.43, 0.914183
66, 377.14, 0.988847
67, 382.86, 0.988847
68, 388.57, 0.988847
69, 394.29, 0.988847
70, 400.00, 0.988847
71, 405.71, 0.988847
72, 411.43, 0.988847
73, 417.14, 1.064217
74, 422.86, 1.064217
75, 428.57, 1.064217
76, 434.29, 1.064217
77, 440.00, 1.064217
78, 445.71, 1.064217
79, 451.43, 1.064217
80, 457.14, 1.126686
81, 462.86, 1.126686
82, 468.57, 1.126686
83, 474.29, 1.126686
84, 480.00, 1.126686
85, 485.71, 1.126686
86, 491.43, 1.184466
87, 497.14, 1.184466
88, 502.86, 1.184466
89, 508.57, 1.184466
90, 514.29, 1.184466
91, 520.00, 1.184466
92, 525.71, 1.184466
93, 531.43, 1.184466
94, 537.14, 1.242661
95, 542.86, 1.242661
96, 548.57, 1.242661
97, 554.29, 1.242661
98, 560.00, 1.242661
99, 565.71, 1.242661
100, 571.43, 1.290586
101, 577.14, 1.290586
102, 582.86, 1.290586
103, 588.57, 1.290586
104, 594.29, 1.290586
105, 600.00, 1.290586
106, 605.71, 1.290586
107, 611.43, 1.334318
108, 617.14, 1.334318
109, 622.86, 1.334318
110, 628.57, 1.334318
111, 634.29, 1.334318
112, 640.00, 1.334318
113, 645.71, 1.334318
114, 651.43, 1.378162
115, 657.14, 1.378162
116, 662.86, 1.378162
117, 668.57, 1.378162
118, 674.29, 1.378162
119, 680.00, 1.378162
120, 685.71, 1.378162
121, 691.43, 1.414029
122, 697.14, 1.414029
123, 702.86, 1.414029
124, 708.57, 1.414029
125, 714.29, 1.414029
126, 720.00, 1.414029
127, 725.71, 1.446512

RC串联数据，第一组：
Index, Time(ms), AIN1_AC_Volt
0, 0.00, 0.427802
1, 5.71, 0.427802
2, 11.43, 0.427802
3, 17.14, 0.427802
4, 22.86, 0.427802
5, 28.57, 0.427802
6, 34.29, 0.427802
7, 40.00, 0.429237
8, 45.71, 0.429237
9, 51.43, 0.429237
10, 57.14, 0.429237
11, 62.86, 0.429237
12, 68.57, 0.429237
13, 74.29, 0.428901
14, 80.00, 0.428901
15, 85.71, 0.428901
16, 91.43, 0.428901
17, 97.14, 0.428901
18, 102.86, 0.428901
19, 108.57, 0.428759
20, 114.29, 0.428759
21, 120.00, 0.428759
22, 125.71, 0.428759
23, 131.43, 0.428759
24, 137.14, 0.428759
25, 142.86, 0.428759
26, 148.57, 0.428704
27, 154.29, 0.428704
28, 160.00, 0.428704
29, 165.71, 0.428704
30, 171.43, 0.428704
31, 177.14, 0.428704
32, 182.86, 0.428704
33, 188.57, 0.428656
34, 194.29, 0.428656
35, 200.00, 0.428656
36, 205.71, 0.428656
37, 211.43, 0.428656
38, 217.14, 0.428656
39, 222.86, 0.428634
40, 228.57, 0.428634
41, 234.29, 0.428634
42, 240.00, 0.428634
43, 245.71, 0.428634
44, 251.43, 0.428634
45, 257.14, 0.428634
46, 262.86, 0.428631
47, 268.57, 0.428631
48, 274.29, 0.428631
49, 280.00, 0.428631
50, 285.71, 0.428631
51, 291.43, 0.428631
52, 297.14, 0.428590
53, 302.86, 0.428590
54, 308.57, 0.428590
55, 314.29, 0.428590
56, 320.00, 0.428590
57, 325.71, 0.428590
58, 331.43, 0.428590
59, 337.14, 0.428559
60, 342.86, 0.428559
61, 348.57, 0.428559
62, 354.29, 0.428559
63, 360.00, 0.428559
64, 365.71, 0.428559
65, 371.43, 0.428515
66, 377.14, 0.428515
67, 382.86, 0.428515
68, 388.57, 0.428515
69, 394.29, 0.428515
70, 400.00, 0.428515
71, 405.71, 0.428515
72, 411.43, 0.428464
73, 417.14, 0.428464
74, 422.86, 0.428464
75, 428.57, 0.428464
76, 434.29, 0.428464
77, 440.00, 0.428464
78, 445.71, 0.428467
79, 451.43, 0.428467
80, 457.14, 0.428467
81, 462.86, 0.428467
82, 468.57, 0.428467
83, 474.29, 0.428467
84, 480.00, 0.428467
85, 485.71, 0.428465
86, 491.43, 0.428465
87, 497.14, 0.428465
88, 502.86, 0.428465
89, 508.57, 0.428465
90, 514.29, 0.428465
91, 520.00, 0.428401
92, 525.71, 0.428401
93, 531.43, 0.428401
94, 537.14, 0.428401
95, 542.86, 0.428401
96, 548.57, 0.428401
97, 554.29, 0.428382
98, 560.00, 0.428382
99, 565.71, 0.428382
100, 571.43, 0.428382
101, 577.14, 0.428382
102, 582.86, 0.428382
103, 588.57, 0.428382
104, 594.29, 0.428356
105, 600.00, 0.428356
106, 605.71, 0.428356
107, 611.43, 0.428356
108, 617.14, 0.428356
109, 622.86, 0.428356
110, 628.57, 0.428326
111, 634.29, 0.428326
112, 640.00, 0.428326
113, 645.71, 0.428326
114, 651.43, 0.428326
115, 657.14, 0.428326
116, 662.86, 0.428326
117, 668.57, 0.428302
118, 674.29, 0.428302
119, 680.00, 0.428302
120, 685.71, 0.428302
121, 691.43, 0.428302
122, 697.14, 0.428302
123, 702.86, 0.428302
124, 708.57, 0.428253
125, 714.29, 0.428253
126, 720.00, 0.428253
127, 725.71, 0.428253

RC串联数据，第二组：
Index, Time(ms), AIN1_AC_Volt
0, 0.00, 1.018243
1, 5.71, 1.018243
2, 11.43, 1.018243
3, 17.14, 1.018243
4, 22.86, 1.018243
5, 28.57, 1.018243
6, 34.29, 1.049445
7, 40.00, 1.049445
8, 45.71, 1.049445
9, 51.43, 1.049445
10, 57.14, 1.049445
11, 62.86, 1.049445
12, 68.57, 1.049445
13, 74.29, 1.049349
14, 80.00, 1.049349
15, 85.71, 1.049349
16, 91.43, 1.049349
17, 97.14, 1.049349
18, 102.86, 1.049349
19, 108.57, 1.049180
20, 114.29, 1.049180
21, 120.00, 1.049180
22, 125.71, 1.049180
23, 131.43, 1.049180
24, 137.14, 1.049180
25, 142.86, 1.049180
26, 148.57, 1.049049
27, 154.29, 1.049049
28, 160.00, 1.049049
29, 165.71, 1.049049
30, 171.43, 1.049049
31, 177.14, 1.049049
32, 182.86, 1.048871
33, 188.57, 1.048871
34, 194.29, 1.048871
35, 200.00, 1.048871
36, 205.71, 1.048871
37, 211.43, 1.048871
38, 217.14, 1.048871
39, 222.86, 1.048591
40, 228.57, 1.048591
41, 234.29, 1.048591
42, 240.00, 1.048591
43, 245.71, 1.048591
44, 251.43, 1.048591
45, 257.14, 1.048440
46, 262.86, 1.048440
47, 268.57, 1.048440
48, 274.29, 1.048440
49, 280.00, 1.048440
50, 285.71, 1.048440
51, 291.43, 1.048290
52, 297.14, 1.048290
53, 302.86, 1.048290
54, 308.57, 1.048290
55, 314.29, 1.048290
56, 320.00, 1.048290
57, 325.71, 1.048290
58, 331.43, 1.047968
59, 337.14, 1.047968
60, 342.86, 1.047968
61, 348.57, 1.047968
62, 354.29, 1.047968
63, 360.00, 1.047968
64, 365.71, 1.047789
65, 371.43, 1.047789
66, 377.14, 1.047789
67, 382.86, 1.047789
68, 388.57, 1.047789
69, 394.29, 1.047789
70, 400.00, 1.047473
71, 405.71, 1.047473
72, 411.43, 1.047473
73, 417.14, 1.047473
74, 422.86, 1.047473
75, 428.57, 1.047473
76, 434.29, 1.047473
77, 440.00, 1.047014
78, 445.71, 1.047014
79, 451.43, 1.047014
80, 457.14, 1.047014
81, 462.86, 1.047014
82, 468.57, 1.047014
83, 474.29, 1.046744
84, 480.00, 1.046744
85, 485.71, 1.046744
86, 491.43, 1.046744
87, 497.14, 1.046744
88, 502.86, 1.046744
89, 508.57, 1.046422
90, 514.29, 1.046422
91, 520.00, 1.046422
92, 525.71, 1.046422
93, 531.43, 1.046422
94, 537.14, 1.046422
95, 542.86, 1.046422
96, 548.57, 1.045942
97, 554.29, 1.045942
98, 560.00, 1.045942
99, 565.71, 1.045942
100, 571.43, 1.045942
101, 577.14, 1.045942
102, 582.86, 1.045546
103, 588.57, 1.045546
104, 594.29, 1.045546
105, 600.00, 1.045546
106, 605.71, 1.045546
107, 611.43, 1.045546
108, 617.14, 1.045197
109, 622.86, 1.045197
110, 628.57, 1.045197
111, 634.29, 1.045197
112, 640.00, 1.045197
113, 645.71, 1.045197
114, 651.43, 1.045197
115, 657.14, 1.044688
116, 662.86, 1.044688
117, 668.57, 1.044688
118, 674.29, 1.044688
119, 680.00, 1.044688
120, 685.71, 1.044688
121, 691.43, 1.044185
122, 697.14, 1.044185
123, 702.86, 1.044185
124, 708.57, 1.044185
125, 714.29, 1.044185
126, 720.00, 1.044185
127, 725.71, 1.043655



RL串联未正确识别
0, 0.00, 0.967576
1, 5.71, 0.967576
2, 11.43, 0.967576
3, 17.14, 0.967576
4, 22.86, 0.967576
5, 28.57, 1.050007
6, 34.29, 1.050007
7, 40.00, 1.050007
8, 45.71, 1.050007
9, 51.43, 1.050007
10, 57.14, 1.050007
11, 62.86, 1.056263
12, 68.57, 1.056263
13, 74.29, 1.056263
14, 80.00, 1.056263
15, 85.71, 1.056263
16, 91.43, 1.056263
17, 97.14, 1.056263
18, 102.86, 1.067312
19, 108.57, 1.067312
20, 114.29, 1.067312
21, 120.00, 1.067312
22, 125.71, 1.067312
23, 131.43, 1.067312
24, 137.14, 1.067312
25, 142.86, 1.084236
26, 148.57, 1.084236
27, 154.29, 1.084236
28, 160.00, 1.084236
29, 165.71, 1.084236
30, 171.43, 1.084236
31, 177.14, 1.103708
32, 182.86, 1.103708
33, 188.57, 1.103708
34, 194.29, 1.103708
35, 200.00, 1.103708
36, 205.71, 1.103708
37, 211.43, 1.126526
38, 217.14, 1.126526
39, 222.86, 1.126526
40, 228.57, 1.126526
41, 234.29, 1.126526
42, 240.00, 1.126526
43, 245.71, 1.126526
44, 251.43, 1.154573
45, 257.14, 1.154573
46, 262.86, 1.154573
47, 268.57, 1.154573
48, 274.29, 1.154573
49, 280.00, 1.154573
50, 285.71, 1.181941
51, 291.43, 1.181941
52, 297.14, 1.181941
53, 302.86, 1.181941
54, 308.57, 1.181941
55, 314.29, 1.181941
56, 320.00, 1.181941
57, 325.71, 1.210741
58, 331.43, 1.210741
59, 337.14, 1.210741
60, 342.86, 1.210741
61, 348.57, 1.210741
62, 354.29, 1.210741
63, 360.00, 1.210741
64, 365.71, 1.243160
65, 371.43, 1.243160
66, 377.14, 1.243160
67, 382.86, 1.243160
68, 388.57, 1.243160
69, 394.29, 1.243160
70, 400.00, 1.272679
71, 405.71, 1.272679
72, 411.43, 1.272679
73, 417.14, 1.272679
74, 422.86, 1.272679
75, 428.57, 1.272679
76, 434.29, 1.302237
77, 440.00, 1.302237
78, 445.71, 1.302237
79, 451.43, 1.302237
80, 457.14, 1.302237
81, 462.86, 1.302237
82, 468.57, 1.302237
83, 474.29, 1.333976
84, 480.00, 1.333976
85, 485.71, 1.333976
86, 491.43, 1.333976
87, 497.14, 1.333976
88, 502.86, 1.333976
89, 508.57, 1.333976
90, 514.29, 1.361755
91, 520.00, 1.361755
92, 525.71, 1.361755
93, 531.43, 1.361755
94, 537.14, 1.361755
95, 542.86, 1.361755
96, 548.57, 1.387890
97, 554.29, 1.387890
98, 560.00, 1.387890
99, 565.71, 1.387890
100, 571.43, 1.387890
101, 577.14, 1.387890
102, 582.86, 1.387890
103, 588.57, 1.414987
104, 594.29, 1.414987
105, 600.00, 1.414987
106, 605.71, 1.414987
107, 611.43, 1.414987
108, 617.14, 1.414987
109, 622.86, 1.437451
110, 628.57, 1.437451
111, 634.29, 1.437451
112, 640.00, 1.437451
113, 645.71, 1.437451
114, 651.43, 1.437451
115, 657.14, 1.437451
116, 662.86, 1.458200
117, 668.57, 1.458200
118, 674.29, 1.458200
119, 680.00, 1.458200
120, 685.71, 1.458200
121, 691.43, 1.458200
122, 697.14, 1.458200
123, 702.86, 1.478735
124, 708.57, 1.478735
125, 714.29, 1.478735
126, 720.00, 1.478735
127, 725.71, 1.478735
——————————————————————
0, 0.00, 1.000090
1, 5.71, 1.000090
2, 11.43, 1.000090
3, 17.14, 1.050745
4, 22.86, 1.050745
5, 28.57, 1.050745
6, 34.29, 1.050745
7, 40.00, 1.050745
8, 45.71, 1.050745
9, 51.43, 1.051883
10, 57.14, 1.051883
11, 62.86, 1.051883
12, 68.57, 1.051883
13, 74.29, 1.051883
14, 80.00, 1.051883
15, 85.71, 1.051883
16, 91.43, 1.054753
17, 97.14, 1.054753
18, 102.86, 1.054753
19, 108.57, 1.054753
20, 114.29, 1.054753
21, 120.00, 1.054753
22, 125.71, 1.054753
23, 131.43, 1.058664
24, 137.14, 1.058664
25, 142.86, 1.058664
26, 148.57, 1.058664
27, 154.29, 1.058664
28, 160.00, 1.058664
29, 165.71, 1.063872
30, 171.43, 1.063872
31, 177.14, 1.063872
32, 182.86, 1.063872
33, 188.57, 1.063872
34, 194.29, 1.063872
35, 200.00, 1.063872
36, 205.71, 1.070955
37, 211.43, 1.070955
38, 217.14, 1.070955
39, 222.86, 1.070955
40, 228.57, 1.070955
41, 234.29, 1.070955
42, 240.00, 1.078522
43, 245.71, 1.078522
44, 251.43, 1.078522
45, 257.14, 1.078522
46, 262.86, 1.078522
47, 268.57, 1.078522
48, 274.29, 1.078522
49, 280.00, 1.087327
50, 285.71, 1.087327
51, 291.43, 1.087327
52, 297.14, 1.087327
53, 302.86, 1.087327
54, 308.57, 1.087327
55, 314.29, 1.087327
56, 320.00, 1.098361
57, 325.71, 1.098361
58, 331.43, 1.098361
59, 337.14, 1.098361
60, 342.86, 1.098361
61, 348.57, 1.098361
62, 354.29, 1.109191
63, 360.00, 1.109191
64, 365.71, 1.109191
65, 371.43, 1.109191
66, 377.14, 1.109191
67, 382.86, 1.109191
68, 388.57, 1.120945
69, 394.29, 1.120945
70, 400.00, 1.120945
71, 405.71, 1.120945
72, 411.43, 1.120945
73, 417.14, 1.120945
74, 422.86, 1.120945
75, 428.57, 1.135029
76, 434.29, 1.135029
77, 440.00, 1.135029
78, 445.71, 1.135029
79, 451.43, 1.135029
80, 457.14, 1.135029
81, 462.86, 1.148700
82, 468.57, 1.148700
83, 474.29, 1.148700
84, 480.00, 1.148700
85, 485.71, 1.148700
86, 491.43, 1.148700
87, 497.14, 1.148700
88, 502.86, 1.163157
89, 508.57, 1.163157
90, 514.29, 1.163157
91, 520.00, 1.163157
92, 525.71, 1.163157
93, 531.43, 1.163157
94, 537.14, 1.163157
95, 542.86, 1.179709
96, 548.57, 1.179709
97, 554.29, 1.179709
98, 560.00, 1.179709
99, 565.71, 1.179709
100, 571.43, 1.179709
101, 577.14, 1.195128
102, 582.86, 1.195128
103, 588.57, 1.195128
104, 594.29, 1.195128
105, 600.00, 1.195128
106, 605.71, 1.195128
107, 611.43, 1.211062
108, 617.14, 1.211062
109, 622.86, 1.211062
110, 628.57, 1.211062
111, 634.29, 1.211062
112, 640.00, 1.211062
113, 645.71, 1.211062
114, 651.43, 1.228869
115, 657.14, 1.228869
116, 662.86, 1.228869
117, 668.57, 1.228869
118, 674.29, 1.228869
119, 680.00, 1.228869
120, 685.71, 1.228869
121, 691.43, 1.245074
122, 697.14, 1.245074
123, 702.86, 1.245074
124, 708.57, 1.245074
125, 714.29, 1.245074
126, 720.00, 1.245074
127, 725.71, 1.261342
——————————————————————
RC并联未正确识别
0, 0.00, 0.402112
1, 5.71, 0.402112
2, 11.43, 0.402112
3, 17.14, 0.402112
4, 22.86, 0.402112
5, 28.57, 0.402112
6, 34.29, 0.016002
7, 40.00, 0.016002
8, 45.71, 0.016002
9, 51.43, 0.016002
10, 57.14, 0.016002
11, 62.86, 0.016002
12, 68.57, 0.015966
13, 74.29, 0.015966
14, 80.00, 0.015966
15, 85.71, 0.015966
16, 91.43, 0.015966
17, 97.14, 0.015966
18, 102.86, 0.015979
19, 108.57, 0.015979
20, 114.29, 0.015979
21, 120.00, 0.015979
22, 125.71, 0.015979
23, 131.43, 0.015979
24, 137.14, 0.015979
25, 142.86, 0.015948
26, 148.57, 0.015948
27, 154.29, 0.015948
28, 160.00, 0.015948
29, 165.71, 0.015948
30, 171.43, 0.015948
31, 177.14, 0.015977
32, 182.86, 0.015977
33, 188.57, 0.015977
34, 194.29, 0.015977
35, 200.00, 0.015977
36, 205.71, 0.015977
37, 211.43, 0.015980
38, 217.14, 0.015980
39, 222.86, 0.015980
40, 228.57, 0.015980
41, 234.29, 0.015980
42, 240.00, 0.015980
43, 245.71, 0.015980
44, 251.43, 0.015936
45, 257.14, 0.015936
46, 262.86, 0.015936
47, 268.57, 0.015936
48, 274.29, 0.015936
49, 280.00, 0.015936
50, 285.71, 0.015970
51, 291.43, 0.015970
52, 297.14, 0.015970
53, 302.86, 0.015970
54, 308.57, 0.015970
55, 314.29, 0.015970
56, 320.00, 0.015970
57, 325.71, 0.015949
58, 331.43, 0.015949
59, 337.14, 0.015949
60, 342.86, 0.015949
61, 348.57, 0.015949
62, 354.29, 0.015949
63, 360.00, 0.015917
64, 365.71, 0.015917
65, 371.43, 0.015917
66, 377.14, 0.015917
67, 382.86, 0.015917
68, 388.57, 0.015917
69, 394.29, 0.015917
70, 400.00, 0.015941
71, 405.71, 0.015941
72, 411.43, 0.015941
73, 417.14, 0.015941
74, 422.86, 0.015941
75, 428.57, 0.015941
76, 434.29, 0.015938
77, 440.00, 0.015938
78, 445.71, 0.015938
79, 451.43, 0.015938
80, 457.14, 0.015938
81, 462.86, 0.015938
82, 468.57, 0.015938
83, 474.29, 0.015973
84, 480.00, 0.015973
85, 485.71, 0.015973
86, 491.43, 0.015973
87, 497.14, 0.015973
88, 502.86, 0.015973
89, 508.57, 0.015939
90, 514.29, 0.015939
91, 520.00, 0.015939
92, 525.71, 0.015939
93, 531.43, 0.015939
94, 537.14, 0.015939
95, 542.86, 0.015944
96, 548.57, 0.015944
97, 554.29, 0.015944
98, 560.00, 0.015944
99, 565.71, 0.015944
100, 571.43, 0.015944
101, 577.14, 0.015944
102, 582.86, 0.015975
103, 588.57, 0.015975
104, 594.29, 0.015975
105, 600.00, 0.015975
106, 605.71, 0.015975
107, 611.43, 0.015975
108, 617.14, 0.015960
109, 622.86, 0.015960
110, 628.57, 0.015960
111, 634.29, 0.015960
112, 640.00, 0.015960
113, 645.71, 0.015960
114, 651.43, 0.015937
115, 657.14, 0.015937
116, 662.86, 0.015937
117, 668.57, 0.015937
118, 674.29, 0.015937
119, 680.00, 0.015937
120, 685.71, 0.015937
121, 691.43, 0.015947
122, 697.14, 0.015947
123, 702.86, 0.015947
124, 708.57, 0.015947
125, 714.29, 0.015947
126, 720.00, 0.015947
127, 725.71, 0.015968
——————————————————————
0, 0.00, 0.409604
1, 5.71, 0.409604
2, 11.43, 0.409604
3, 17.14, 0.409604
4, 22.86, 0.409604
5, 28.57, 0.409604
6, 34.29, 0.409604
7, 40.00, 0.015948
8, 45.71, 0.015948
9, 51.43, 0.015948
10, 57.14, 0.015948
11, 62.86, 0.015948
12, 68.57, 0.015948
13, 74.29, 0.015963
14, 80.00, 0.015963
15, 85.71, 0.015963
16, 91.43, 0.015963
17, 97.14, 0.015963
18, 102.86, 0.015963
19, 108.57, 0.015955
20, 114.29, 0.015955
21, 120.00, 0.015955
22, 125.71, 0.015955
23, 131.43, 0.015955
24, 137.14, 0.015955
25, 142.86, 0.015955
26, 148.57, 0.015907
27, 154.29, 0.015907
28, 160.00, 0.015907
29, 165.71, 0.015907
30, 171.43, 0.015907
31, 177.14, 0.015907
32, 182.86, 0.015933
33, 188.57, 0.015933
34, 194.29, 0.015933
35, 200.00, 0.015933
36, 205.71, 0.015933
37, 211.43, 0.015933
38, 217.14, 0.015919
39, 222.86, 0.015919
40, 228.57, 0.015919
41, 234.29, 0.015919
42, 240.00, 0.015919
43, 245.71, 0.015919
44, 251.43, 0.015919
45, 257.14, 0.015914
46, 262.86, 0.015914
47, 268.57, 0.015914
48, 274.29, 0.015914
49, 280.00, 0.015914
50, 285.71, 0.015914
51, 291.43, 0.015941
52, 297.14, 0.015941
53, 302.86, 0.015941
54, 308.57, 0.015941
55, 314.29, 0.015941
56, 320.00, 0.015941
57, 325.71, 0.015941
58, 331.43, 0.015954
59, 337.14, 0.015954
60, 342.86, 0.015954
61, 348.57, 0.015954
62, 354.29, 0.015954
63, 360.00, 0.015954
64, 365.71, 0.015930
65, 371.43, 0.015930
66, 377.14, 0.015930
67, 382.86, 0.015930
68, 388.57, 0.015930
69, 394.29, 0.015930
70, 400.00, 0.015930
71, 405.71, 0.015933
72, 411.43, 0.015933
73, 417.14, 0.015933
74, 422.86, 0.015933
75, 428.57, 0.015933
76, 434.29, 0.015933
77, 440.00, 0.015947
78, 445.71, 0.015947
79, 451.43, 0.015947
80, 457.14, 0.015947
81, 462.86, 0.015947
82, 468.57, 0.015947
83, 474.29, 0.015947
84, 480.00, 0.015948
85, 485.71, 0.015948
86, 491.43, 0.015948
87, 497.14, 0.015948
88, 502.86, 0.015948
89, 508.57, 0.015948
90, 514.29, 0.015951
91, 520.00, 0.015951
92, 525.71, 0.015951
93, 531.43, 0.015951
94, 537.14, 0.015951
95, 542.86, 0.015951
96, 548.57, 0.015961
97, 554.29, 0.015961
98, 560.00, 0.015961
99, 565.71, 0.015961
100, 571.43, 0.015961
101, 577.14, 0.015961
102, 582.86, 0.015961
103, 588.57, 0.015955
104, 594.29, 0.015955
105, 600.00, 0.015955
106, 605.71, 0.015955
107, 611.43, 0.015955
108, 617.14, 0.015955
109, 622.86, 0.015923
110, 628.57, 0.015923
111, 634.29, 0.015923
112, 640.00, 0.015923
113, 645.71, 0.015923
114, 651.43, 0.015923
115, 657.14, 0.015949
116, 662.86, 0.015949
117, 668.57, 0.015949
118, 674.29, 0.015949
119, 680.00, 0.015949
120, 685.71, 0.015949
121, 691.43, 0.015949
122, 697.14, 0.015945
123, 702.86, 0.015945
124, 708.57, 0.015945
125, 714.29, 0.015945
126, 720.00, 0.015945
127, 725.71, 0.015945


实际为LC并联，但会在LC并联和RLC并联中切换
Index, Time(ms), AIN1_AC_Volt
0, 0.00, 0.152133
1, 5.71, 0.152133
2, 11.43, 0.152133
3, 17.14, 0.152133
4, 22.86, 0.152133
5, 28.57, 0.204133
6, 34.29, 0.204133
7, 40.00, 0.204133
8, 45.71, 0.204133
9, 51.43, 0.204133
10, 57.14, 0.204133
11, 62.86, 0.204133
12, 68.57, 0.287407
13, 74.29, 0.287407
14, 80.00, 0.287407
15, 85.71, 0.287407
16, 91.43, 0.287407
17, 97.14, 0.287407
18, 102.86, 0.380026
19, 108.57, 0.380026
20, 114.29, 0.380026
21, 120.00, 0.380026
22, 125.71, 0.380026
23, 131.43, 0.380026
24, 137.14, 0.380026
25, 142.86, 0.487407
26, 148.57, 0.487407
27, 154.29, 0.487407
28, 160.00, 0.487407
29, 165.71, 0.487407
30, 171.43, 0.487407
31, 177.14, 0.625727
32, 182.86, 0.625727
33, 188.57, 0.625727
34, 194.29, 0.625727
35, 200.00, 0.625727
36, 205.71, 0.625727
37, 211.43, 0.625727
38, 217.14, 0.765278
39, 222.86, 0.765278
40, 228.57, 0.765278
41, 234.29, 0.765278
42, 240.00, 0.765278
43, 245.71, 0.765278
44, 251.43, 0.917198
45, 257.14, 0.917198
46, 262.86, 0.917198
47, 268.57, 0.917198
48, 274.29, 0.917198
49, 280.00, 0.917198
50, 285.71, 0.917198
51, 291.43, 1.057502
52, 297.14, 1.057502
53, 302.86, 1.057502
54, 308.57, 1.057502
55, 314.29, 1.057502
56, 320.00, 1.057502
57, 325.71, 1.126198
58, 331.43, 1.126198
59, 337.14, 1.126198
60, 342.86, 1.126198
61, 348.57, 1.126198
62, 354.29, 1.126198
63, 360.00, 1.124753
64, 365.71, 1.124753
65, 371.43, 1.124753
66, 377.14, 1.124753
67, 382.86, 1.124753
68, 388.57, 1.124753
69, 394.29, 1.124753
70, 400.00, 1.061634
71, 405.71, 1.061634
72, 411.43, 1.061634
73, 417.14, 1.061634
74, 422.86, 1.061634
75, 428.57, 1.061634
76, 434.29, 0.979451
77, 440.00, 0.979451
78, 445.71, 0.979451
79, 451.43, 0.979451
80, 457.14, 0.979451
81, 462.86, 0.979451
82, 468.57, 0.979451
83, 474.29, 0.894675
84, 480.00, 0.894675
85, 485.71, 0.894675
86, 491.43, 0.894675
87, 497.14, 0.894675
88, 502.86, 0.894675
89, 508.57, 0.894675
90, 514.29, 0.808610
91, 520.00, 0.808610
92, 525.71, 0.808610
93, 531.43, 0.808610
94, 537.14, 0.808610
95, 542.86, 0.808610
96, 548.57, 0.738555
97, 554.29, 0.738555
98, 560.00, 0.738555
99, 565.71, 0.738555
100, 571.43, 0.738555
101, 577.14, 0.738555
102, 582.86, 0.677293
103, 588.57, 0.677293
104, 594.29, 0.677293
105, 600.00, 0.677293
106, 605.71, 0.677293
107, 611.43, 0.677293
108, 617.14, 0.677293
109, 622.86, 0.619496
110, 628.57, 0.619496
111, 634.29, 0.619496
112, 640.00, 0.619496
113, 645.71, 0.619496
114, 651.43, 0.619496
115, 657.14, 0.574954
116, 662.86, 0.574954
117, 668.57, 0.574954
118, 674.29, 0.574954
119, 680.00, 0.574954
120, 685.71, 0.574954
121, 691.43, 0.574954
122, 697.14, 0.536191
123, 702.86, 0.536191
124, 708.57, 0.536191
125, 714.29, 0.536191
126, 720.00, 0.536191
127, 725.71, 0.536191
128, 731.43, 0.536191
129, 737.14, 0.499024
130, 742.86, 0.499024
131, 748.57, 0.499024
132, 754.29, 0.499024
133, 760.00, 0.499024
134, 765.71, 0.499024
135, 771.43, 0.469936
136, 777.14, 0.469936
137, 782.86, 0.469936
138, 788.57, 0.469936
139, 794.29, 0.469936
140, 800.00, 0.469936
141, 805.71, 0.444122
142, 811.43, 0.444122
143, 817.14, 0.444122
144, 822.86, 0.444122
145, 828.57, 0.444122
146, 834.29, 0.444122
147, 840.00, 0.444122
148, 845.71, 0.418868
149, 851.43, 0.418868
150, 857.14, 0.418868
151, 862.86, 0.418868
152, 868.57, 0.418868
153, 874.29, 0.418868
154, 880.00, 0.398496
155, 885.71, 0.398496
156, 891.43, 0.398496
157, 897.14, 0.398496
158, 902.86, 0.398496
159, 908.57, 0.398496
160, 914.29, 0.398496
161, 920.00, 0.379955
162, 925.71, 0.379955
163, 931.43, 0.379955
164, 937.14, 0.379955
165, 942.86, 0.379955
166, 948.57, 0.379955
167, 954.29, 0.379955
168, 960.00, 0.361508
169, 965.71, 0.361508
170, 971.43, 0.361508
171, 977.14, 0.361508
172, 982.86, 0.361508
173, 988.57, 0.361508
174, 994.29, 0.346649
175, 1000.00, 0.346649
176, 1005.71, 0.346649
177, 1011.43, 0.346649
178, 1017.14, 0.346649
179, 1022.86, 0.346649
180, 1028.57, 0.332680
181, 1034.29, 0.332680
182, 1040.00, 0.332680
183, 1045.71, 0.332680
184, 1051.43, 0.332680
185, 1057.14, 0.332680
186, 1062.86, 0.332680
187, 1068.57, 0.318712
188, 1074.29, 0.318712
189, 1080.00, 0.318712
190, 1085.71, 0.318712
191, 1091.43, 0.318712
192, 1097.14, 0.318712
193, 1102.86, 0.307123
194, 1108.57, 0.307123
195, 1114.29, 0.307123
196, 1120.00, 0.307123
197, 1125.71, 0.307123
198, 1131.43, 0.307123
199, 1137.14, 0.307123
200, 1142.86, 0.296329
201, 1148.57, 0.296329
202, 1154.29, 0.296329
203, 1160.00, 0.296329
204, 1165.71, 0.296329
205, 1171.43, 0.296329
206, 1177.14, 0.285155
207, 1182.86, 0.285155
208, 1188.57, 0.285155
209, 1194.29, 0.285155
210, 1200.00, 0.285155
211, 1205.71, 0.285155
212, 1211.43, 0.285155
213, 1217.14, 0.275857
214, 1222.86, 0.275857
215, 1228.57, 0.275857
216, 1234.29, 0.275857
217, 1240.00, 0.275857
218, 1245.71, 0.275857
219, 1251.43, 0.267194
220, 1257.14, 0.267194
221, 1262.86, 0.267194
222, 1268.57, 0.267194
223, 1274.29, 0.267194
224, 1280.00, 0.267194
225, 1285.71, 0.267194
226, 1291.43, 0.258229
227, 1297.14, 0.258229
228, 1302.86, 0.258229
229, 1308.57, 0.258229
230, 1314.29, 0.258229
231, 1320.00, 0.258229
232, 1325.71, 0.250619
233, 1331.43, 0.250619
234, 1337.14, 0.250619
235, 1342.86, 0.250619
236, 1348.57, 0.250619
237, 1354.29, 0.250619
238, 1360.00, 0.243457
239, 1365.71, 0.243457
240, 1371.43, 0.243457
241, 1377.14, 0.243457
242, 1382.86, 0.243457
243, 1388.57, 0.243457
244, 1394.29, 0.243457
245, 1400.00, 0.235983
246, 1405.71, 0.235983
247, 1411.43, 0.235983
248, 1417.14, 0.235983
249, 1422.86, 0.235983
250, 1428.57, 0.235983
251, 1434.29, 0.235983
252, 1440.00, 0.229641
253, 1445.71, 0.229641
254, 1451.43, 0.229641
255, 1457.14, 0.229641
谐振频率(Hz): 17122.86
Q值: 1.19
峰值宽度: 51.00
曲线不对称性: 2.923
衰减率: 0.0010
衰减斜率: -0.009021
衰减方差: 0.007376

负载网络诊断信息 (模式1):
最大电压: 1.126198
最大电压位置: 57.00 (时间: 325.71 ms)
末尾/起始电压比: 1.021778
峰值特征: 是
LC评分: 5
RLC评分: 2
模式1检测到: LC并联 (LoadNetType = 7)

Index, Time(ms), AIN1_AC_Volt
0, 0.00, 0.149011
1, 5.71, 0.149011
2, 11.43, 0.149011
3, 17.14, 0.180534
4, 22.86, 0.180534
5, 28.57, 0.180534
6, 34.29, 0.180534
7, 40.00, 0.180534
8, 45.71, 0.180534
9, 51.43, 0.246146
10, 57.14, 0.246146
11, 62.86, 0.246146
12, 68.57, 0.246146
13, 74.29, 0.246146
14, 80.00, 0.246146
15, 85.71, 0.246146
16, 91.43, 0.341626
17, 97.14, 0.341626
18, 102.86, 0.341626
19, 108.57, 0.341626
20, 114.29, 0.341626
21, 120.00, 0.341626
22, 125.71, 0.441771
23, 131.43, 0.441771
24, 137.14, 0.441771
25, 142.86, 0.441771
26, 148.57, 0.441771
27, 154.29, 0.441771
28, 160.00, 0.558421
29, 165.71, 0.558421
30, 171.43, 0.558421
31, 177.14, 0.558421
32, 182.86, 0.558421
33, 188.57, 0.558421
34, 194.29, 0.558421
35, 200.00, 0.706915
36, 205.71, 0.706915
37, 211.43, 0.706915
38, 217.14, 0.706915
39, 222.86, 0.706915
40, 228.57, 0.706915
41, 234.29, 0.854741
42, 240.00, 0.854741
43, 245.71, 0.854741
44, 251.43, 0.854741
45, 257.14, 0.854741
46, 262.86, 0.854741
47, 268.57, 0.854741
48, 274.29, 0.998767
49, 280.00, 0.998767
50, 285.71, 0.998767
51, 291.43, 0.998767
52, 297.14, 0.998767
53, 302.86, 0.998767
54, 308.57, 1.107334
55, 314.29, 1.107334
56, 320.00, 1.107334
57, 325.71, 1.107334
58, 331.43, 1.107334
59, 337.14, 1.107334
60, 342.86, 1.107334
61, 348.57, 1.134055
62, 354.29, 1.134055
63, 360.00, 1.134055
64, 365.71, 1.134055
65, 371.43, 1.134055
66, 377.14, 1.134055
67, 382.86, 1.097834
68, 388.57, 1.097834
69, 394.29, 1.097834
70, 400.00, 1.097834
71, 405.71, 1.097834
72, 411.43, 1.097834
73, 417.14, 1.097834
74, 422.86, 1.015655
75, 428.57, 1.015655
76, 434.29, 1.015655
77, 440.00, 1.015655
78, 445.71, 1.015655
79, 451.43, 1.015655
80, 457.14, 0.930414
81, 462.86, 0.930414
82, 468.57, 0.930414
83, 474.29, 0.930414
84, 480.00, 0.930414
85, 485.71, 0.930414
86, 491.43, 0.849274
87, 497.14, 0.849274
88, 502.86, 0.849274
89, 508.57, 0.849274
90, 514.29, 0.849274
91, 520.00, 0.849274
92, 525.71, 0.849274
93, 531.43, 0.767718
94, 537.14, 0.767718
95, 542.86, 0.767718
96, 548.57, 0.767718
97, 554.29, 0.767718
98, 560.00, 0.767718
99, 565.71, 0.767718
100, 571.43, 0.702550
101, 577.14, 0.702550
102, 582.86, 0.702550
103, 588.57, 0.702550
104, 594.29, 0.702550
105, 600.00, 0.702550
106, 605.71, 0.646464
107, 611.43, 0.646464
108, 617.14, 0.646464
109, 622.86, 0.646464
110, 628.57, 0.646464
111, 634.29, 0.646464
112, 640.00, 0.646464
113, 645.71, 0.593569
114, 651.43, 0.593569
115, 657.14, 0.593569
116, 662.86, 0.593569
117, 668.57, 0.593569
118, 674.29, 0.593569
119, 680.00, 0.552546
120, 685.71, 0.552546
121, 691.43, 0.552546
122, 697.14, 0.552546
123, 702.86, 0.552546
124, 708.57, 0.552546
125, 714.29, 0.516834
126, 720.00, 0.516834
127, 725.71, 0.516834
128, 731.43, 0.516834
129, 737.14, 0.516834
130, 742.86, 0.516834
131, 748.57, 0.516834
132, 754.29, 0.482570
133, 760.00, 0.482570
134, 765.71, 0.482570
135, 771.43, 0.482570
136, 777.14, 0.482570
137, 782.86, 0.482570
138, 788.57, 0.455469
139, 794.29, 0.455469
140, 800.00, 0.455469
141, 805.71, 0.455469
142, 811.43, 0.455469
143, 817.14, 0.455469
144, 822.86, 0.455469
145, 828.57, 0.431294
146, 834.29, 0.431294
147, 840.00, 0.431294
148, 845.71, 0.431294
149, 851.43, 0.431294
150, 857.14, 0.431294
151, 862.86, 0.431294
152, 868.57, 0.407525
153, 874.29, 0.407525
154, 880.00, 0.407525
155, 885.71, 0.407525
156, 891.43, 0.407525
157, 897.14, 0.407525
158, 902.86, 0.388252
159, 908.57, 0.388252
160, 914.29, 0.388252
161, 920.00, 0.388252
162, 925.71, 0.388252
163, 931.43, 0.388252
164, 937.14, 0.370780
165, 942.86, 0.370780
166, 948.57, 0.370780
167, 954.29, 0.370780
168, 960.00, 0.370780
169, 965.71, 0.370780
170, 971.43, 0.370780
171, 977.14, 0.353297
172, 982.86, 0.353297
173, 988.57, 0.353297
174, 994.29, 0.353297
175, 1000.00, 0.353297
176, 1005.71, 0.353297
177, 1011.43, 0.338950
178, 1017.14, 0.338950
179, 1022.86, 0.338950
180, 1028.57, 0.338950
181, 1034.29, 0.338950
182, 1040.00, 0.338950
183, 1045.71, 0.338950
184, 1051.43, 0.325663
185, 1057.14, 0.325663
186, 1062.86, 0.325663
187, 1068.57, 0.325663
188, 1074.29, 0.325663
189, 1080.00, 0.325663
190, 1085.71, 0.325663
191, 1091.43, 0.312218
192, 1097.14, 0.312218
193, 1102.86, 0.312218
194, 1108.57, 0.312218
195, 1114.29, 0.312218
196, 1120.00, 0.312218
197, 1125.71, 0.301032
198, 1131.43, 0.301032
199, 1137.14, 0.301032
200, 1142.86, 0.301032
201, 1148.57, 0.301032
202, 1154.29, 0.301032
203, 1160.00, 0.290662
204, 1165.71, 0.290662
205, 1171.43, 0.290662
206, 1177.14, 0.290662
207, 1182.86, 0.290662
208, 1188.57, 0.290662
209, 1194.29, 0.290662
210, 1200.00, 0.279988
211, 1205.71, 0.279988
212, 1211.43, 0.279988
213, 1217.14, 0.279988
214, 1222.86, 0.279988
215, 1228.57, 0.279988
216, 1234.29, 0.271076
217, 1240.00, 0.271076
218, 1245.71, 0.271076
219, 1251.43, 0.271076
220, 1257.14, 0.271076
221, 1262.86, 0.271076
222, 1268.57, 0.271076
223, 1274.29, 0.262644
224, 1280.00, 0.262644
225, 1285.71, 0.262644
226, 1291.43, 0.262644
227, 1297.14, 0.262644
228, 1302.86, 0.262644
229, 1308.57, 0.254037
230, 1314.29, 0.254037
231, 1320.00, 0.254037
232, 1325.71, 0.254037
233, 1331.43, 0.254037
234, 1337.14, 0.254037
235, 1342.86, 0.254037
236, 1348.57, 0.246676
237, 1354.29, 0.246676
238, 1360.00, 0.246676
239, 1365.71, 0.246676
240, 1371.43, 0.246676
241, 1377.14, 0.246676
242, 1382.86, 0.239684
243, 1388.57, 0.239684
244, 1394.29, 0.239684
245, 1400.00, 0.239684
246, 1405.71, 0.239684
247, 1411.43, 0.239684
248, 1417.14, 0.239684
249, 1422.86, 0.232419
250, 1428.57, 0.232419
251, 1434.29, 0.232419
252, 1440.00, 0.232419
253, 1445.71, 0.232419
254, 1451.43, 0.232419
255, 1457.14, 0.226236
谐振频率(Hz): 18254.29
Q值: 1.27
峰值宽度: 51.00
曲线不对称性: 1.550
衰减率: 0.0015
衰减斜率: -0.011345
衰减方差: 0.010950

负载网络诊断信息 (模式1):
最大电压: 1.134055
最大电压位置: 61.00 (时间: 348.57 ms)
末尾/起始电压比: 1.034381
峰值特征: 是
LC评分: 3
RLC评分: 4
模式1检测到: RLC并联 (LoadNetType = 8)

------------------------------------
实际为RLC并联
Index, Time(ms), AIN1_AC_Volt
0, 0.00, 0.086774
1, 5.71, 0.086774
2, 11.43, 0.086774
3, 17.14, 0.086774
4, 22.86, 0.116121
5, 28.57, 0.116121
6, 34.29, 0.116121
7, 40.00, 0.116121
8, 45.71, 0.116121
9, 51.43, 0.116121
10, 57.14, 0.116121
11, 62.86, 0.156363
12, 68.57, 0.156363
13, 74.29, 0.156363
14, 80.00, 0.156363
15, 85.71, 0.156363
16, 91.43, 0.156363
17, 97.14, 0.201045
18, 102.86, 0.201045
19, 108.57, 0.201045
20, 114.29, 0.201045
21, 120.00, 0.201045
22, 125.71, 0.201045
23, 131.43, 0.201045
24, 137.14, 0.251679
25, 142.86, 0.251679
26, 148.57, 0.251679
27, 154.29, 0.251679
28, 160.00, 0.251679
29, 165.71, 0.251679
30, 171.43, 0.251679
31, 177.14, 0.314377
32, 182.86, 0.314377
33, 188.57, 0.314377
34, 194.29, 0.314377
35, 200.00, 0.314377
36, 205.71, 0.314377
37, 211.43, 0.377941
38, 217.14, 0.377941
39, 222.86, 0.377941
40, 228.57, 0.377941
41, 234.29, 0.377941
42, 240.00, 0.377941
43, 245.71, 0.450251
44, 251.43, 0.450251
45, 257.14, 0.450251
46, 262.86, 0.450251
47, 268.57, 0.450251
48, 274.29, 0.450251
49, 280.00, 0.450251
50, 285.71, 0.542241
51, 291.43, 0.542241
52, 297.14, 0.542241
53, 302.86, 0.542241
54, 308.57, 0.542241
55, 314.29, 0.542241
56, 320.00, 0.634901
57, 325.71, 0.634901
58, 331.43, 0.634901
59, 337.14, 0.634901
60, 342.86, 0.634901
61, 348.57, 0.634901
62, 354.29, 0.734037
63, 360.00, 0.734037
64, 365.71, 0.734037
65, 371.43, 0.734037
66, 377.14, 0.734037
67, 382.86, 0.734037
68, 388.57, 0.734037
69, 394.29, 0.838741
70, 400.00, 0.838741
71, 405.71, 0.838741
72, 411.43, 0.838741
73, 417.14, 0.838741
74, 422.86, 0.838741
75, 428.57, 0.909347
76, 434.29, 0.909347
77, 440.00, 0.909347
78, 445.71, 0.909347
79, 451.43, 0.909347
80, 457.14, 0.909347
81, 462.86, 0.909347
82, 468.57, 0.939864
83, 474.29, 0.939864
84, 480.00, 0.939864
85, 485.71, 0.939864
86, 491.43, 0.939864
87, 497.14, 0.939864
88, 502.86, 0.939864
89, 508.57, 0.926709
90, 514.29, 0.926709
91, 520.00, 0.926709
92, 525.71, 0.926709
93, 531.43, 0.926709
94, 537.14, 0.926709
95, 542.86, 0.885355
96, 548.57, 0.885355
97, 554.29, 0.885355
98, 560.00, 0.885355
99, 565.71, 0.885355
100, 571.43, 0.885355
101, 577.14, 0.830062
102, 582.86, 0.830062
103, 588.57, 0.830062
104, 594.29, 0.830062
105, 600.00, 0.830062
106, 605.71, 0.830062
107, 611.43, 0.830062
108, 617.14, 0.764026
109, 622.86, 0.764026
110, 628.57, 0.764026
111, 634.29, 0.764026
112, 640.00, 0.764026
113, 645.71, 0.764026
114, 651.43, 0.706440
115, 657.14, 0.706440
116, 662.86, 0.706440
117, 668.57, 0.706440
118, 674.29, 0.706440
119, 680.00, 0.706440
120, 685.71, 0.652913
121, 691.43, 0.652913
122, 697.14, 0.652913
123, 702.86, 0.652913
124, 708.57, 0.652913
125, 714.29, 0.652913
126, 720.00, 0.652913
127, 725.71, 0.599750
128, 731.43, 0.599750
129, 737.14, 0.599750
130, 742.86, 0.599750
131, 748.57, 0.599750
132, 754.29, 0.599750
133, 760.00, 0.599750
134, 765.71, 0.558136
135, 771.43, 0.558136
136, 777.14, 0.558136
137, 782.86, 0.558136
138, 788.57, 0.558136
139, 794.29, 0.558136
140, 800.00, 0.521116
141, 805.71, 0.521116
142, 811.43, 0.521116
143, 817.14, 0.521116
144, 822.86, 0.521116
145, 828.57, 0.521116
146, 834.29, 0.521116
147, 840.00, 0.485238
148, 845.71, 0.485238
149, 851.43, 0.485238
150, 857.14, 0.485238
151, 862.86, 0.485238
152, 868.57, 0.485238
153, 874.29, 0.456691
154, 880.00, 0.456691
155, 885.71, 0.456691
156, 891.43, 0.456691
157, 897.14, 0.456691
158, 902.86, 0.456691
159, 908.57, 0.431213
160, 914.29, 0.431213
161, 920.00, 0.431213
162, 925.71, 0.431213
163, 931.43, 0.431213
164, 937.14, 0.431213
165, 942.86, 0.431213
166, 948.57, 0.406215
167, 954.29, 0.406215
168, 960.00, 0.406215
169, 965.71, 0.406215
170, 971.43, 0.406215
171, 977.14, 0.406215
172, 982.86, 0.386241
173, 988.57, 0.386241
174, 994.29, 0.386241
175, 1000.00, 0.386241
176, 1005.71, 0.386241
177, 1011.43, 0.386241
178, 1017.14, 0.386241
179, 1022.86, 0.367982
180, 1028.57, 0.367982
181, 1034.29, 0.367982
182, 1040.00, 0.367982
183, 1045.71, 0.367982
184, 1051.43, 0.367982
185, 1057.14, 0.367982
186, 1062.86, 0.349881
187, 1068.57, 0.349881
188, 1074.29, 0.349881
189, 1080.00, 0.349881
190, 1085.71, 0.349881
191, 1091.43, 0.349881
192, 1097.14, 0.335153
193, 1102.86, 0.335153
194, 1108.57, 0.335153
195, 1114.29, 0.335153
196, 1120.00, 0.335153
197, 1125.71, 0.335153
198, 1131.43, 0.321516
199, 1137.14, 0.321516
200, 1142.86, 0.321516
201, 1148.57, 0.321516
202, 1154.29, 0.321516
203, 1160.00, 0.321516
204, 1165.71, 0.321516
205, 1171.43, 0.307734
206, 1177.14, 0.307734
207, 1182.86, 0.307734
208, 1188.57, 0.307734
209, 1194.29, 0.307734
210, 1200.00, 0.307734
211, 1205.71, 0.296444
212, 1211.43, 0.296444
213, 1217.14, 0.296444
214, 1222.86, 0.296444
215, 1228.57, 0.296444
216, 1234.29, 0.296444
217, 1240.00, 0.296444
218, 1245.71, 0.285839
219, 1251.43, 0.285839
220, 1257.14, 0.285839
221, 1262.86, 0.285839
222, 1268.57, 0.285839
223, 1274.29, 0.285839
224, 1280.00, 0.275015
225, 1285.71, 0.275015
226, 1291.43, 0.275015
227, 1297.14, 0.275015
228, 1302.86, 0.275015
229, 1308.57, 0.275015
230, 1314.29, 0.275015
231, 1320.00, 0.266065
232, 1325.71, 0.266065
233, 1331.43, 0.266065
234, 1337.14, 0.266065
235, 1342.86, 0.266065
236, 1348.57, 0.266065
237, 1354.29, 0.257585
238, 1360.00, 0.257585
239, 1365.71, 0.257585
240, 1371.43, 0.257585
241, 1377.14, 0.257585
242, 1382.86, 0.257585
243, 1388.57, 0.257585
244, 1394.29, 0.248778
245, 1400.00, 0.248778
246, 1405.71, 0.248778
247, 1411.43, 0.248778
248, 1417.14, 0.248778
249, 1422.86, 0.248778
250, 1428.57, 0.241410
251, 1434.29, 0.241410
252, 1440.00, 0.241410
253, 1445.71, 0.241410
254, 1451.43, 0.241410
255, 1457.14, 0.241410
谐振频率(Hz): 24194.29
Q值: 1.50
峰值宽度: 57.00
曲线不对称性: 1.850
衰减率: 0.0009
衰减斜率: -0.006669
衰减方差: 0.003929

负载网络诊断信息 (模式1):
最大电压: 0.939864
最大电压位置: 82.00 (时间: 468.57 ms)
末尾/起始电压比: 1.854800
峰值特征: 是
LC评分: 5
RLC评分: 2
模式1检测到: LC并联 (LoadNetType = 7)


——————————————————————
实际为RLC并联，目前在LC并联和RLC并联之间切换
Index, Time(ms), AIN1_AC_Volt
0, 0.00, 0.151612
1, 5.71, 0.151612
2, 11.43, 0.151612
3, 17.14, 0.180994
4, 22.86, 0.180994
5, 28.57, 0.180994
6, 34.29, 0.180994
7, 40.00, 0.180994
8, 45.71, 0.180994
9, 51.43, 0.180994
10, 57.14, 0.266243
11, 62.86, 0.266243
12, 68.57, 0.266243
13, 74.29, 0.266243
14, 80.00, 0.266243
15, 85.71, 0.266243
16, 91.43, 0.266243
17, 97.14, 0.403059
18, 102.86, 0.403059
19, 108.57, 0.403059
20, 114.29, 0.403059
21, 120.00, 0.403059
22, 125.71, 0.403059
23, 131.43, 0.403059
24, 137.14, 0.403059
25, 142.86, 0.615924
26, 148.57, 0.615924
27, 154.29, 0.615924
28, 160.00, 0.615924
29, 165.71, 0.615924
30, 171.43, 0.615924
31, 177.14, 0.615924
32, 182.86, 0.754991
33, 188.57, 0.754991
34, 194.29, 0.754991
35, 200.00, 0.754991
36, 205.71, 0.754991
37, 211.43, 0.754991
38, 217.14, 0.754991
39, 222.86, 0.705503
40, 228.57, 0.705503
41, 234.29, 0.705503
42, 240.00, 0.705503
43, 245.71, 0.705503
44, 251.43, 0.705503
45, 257.14, 0.705503
46, 262.86, 0.705503
47, 268.57, 0.559450
48, 274.29, 0.559450
49, 280.00, 0.559450
50, 285.71, 0.559450
51, 291.43, 0.559450
52, 297.14, 0.559450
53, 302.86, 0.559450
54, 308.57, 0.453367
55, 314.29, 0.453367
56, 320.00, 0.453367
57, 325.71, 0.453367
58, 331.43, 0.453367
59, 337.14, 0.453367
60, 342.86, 0.453367
61, 348.57, 0.378423
62, 354.29, 0.378423
63, 360.00, 0.378423
64, 365.71, 0.378423
65, 371.43, 0.378423
66, 377.14, 0.378423
67, 382.86, 0.378423
68, 388.57, 0.378423
69, 394.29, 0.319096
70, 400.00, 0.319096
71, 405.71, 0.319096
72, 411.43, 0.319096
73, 417.14, 0.319096
74, 422.86, 0.319096
75, 428.57, 0.319096
76, 434.29, 0.280109
77, 440.00, 0.280109
78, 445.71, 0.280109
79, 451.43, 0.280109
80, 457.14, 0.280109
81, 462.86, 0.280109
82, 468.57, 0.280109
83, 474.29, 0.249525
84, 480.00, 0.249525
85, 485.71, 0.249525
86, 491.43, 0.249525
87, 497.14, 0.249525
88, 502.86, 0.249525
89, 508.57, 0.249525
90, 514.29, 0.249525
91, 520.00, 0.222810
92, 525.71, 0.222810
93, 531.43, 0.222810
94, 537.14, 0.222810
95, 542.86, 0.222810
96, 548.57, 0.222810
97, 554.29, 0.222810
98, 560.00, 0.203259
99, 565.71, 0.203259
100, 571.43, 0.203259
101, 577.14, 0.203259
102, 582.86, 0.203259
103, 588.57, 0.203259
104, 594.29, 0.203259
105, 600.00, 0.186804
106, 605.71, 0.186804
107, 611.43, 0.186804
108, 617.14, 0.186804
109, 622.86, 0.186804
110, 628.57, 0.186804
111, 634.29, 0.186804
112, 640.00, 0.186804
113, 645.71, 0.171229
114, 651.43, 0.171229
115, 657.14, 0.171229
116, 662.86, 0.171229
117, 668.57, 0.171229
118, 674.29, 0.171229
119, 680.00, 0.171229
120, 685.71, 0.159213
121, 691.43, 0.159213
122, 697.14, 0.159213
123, 702.86, 0.159213
124, 708.57, 0.159213
125, 714.29, 0.159213
126, 720.00, 0.159213
127, 725.71, 0.148578
128, 731.43, 0.148578
129, 737.14, 0.148578
130, 742.86, 0.148578
131, 748.57, 0.148578
132, 754.29, 0.148578
133, 760.00, 0.148578
134, 765.71, 0.148578
135, 771.43, 0.138281
136, 777.14, 0.138281
137, 782.86, 0.138281
138, 788.57, 0.138281
139, 794.29, 0.138281
140, 800.00, 0.138281
141, 805.71, 0.138281
142, 811.43, 0.138281
143, 817.14, 0.129951
144, 822.86, 0.129951
145, 828.57, 0.129951
146, 834.29, 0.129951
147, 840.00, 0.129951
148, 845.71, 0.129951
149, 851.43, 0.129951
150, 857.14, 0.122361
151, 862.86, 0.122361
152, 868.57, 0.122361
153, 874.29, 0.122361
154, 880.00, 0.122361
155, 885.71, 0.122361
156, 891.43, 0.122361
157, 897.14, 0.122361
158, 902.86, 0.114681
159, 908.57, 0.114681
160, 914.29, 0.114681
161, 920.00, 0.114681
162, 925.71, 0.114681
163, 931.43, 0.114681
164, 937.14, 0.114681
165, 942.86, 0.108363
166, 948.57, 0.108363
167, 954.29, 0.108363
168, 960.00, 0.108363
169, 965.71, 0.108363
170, 971.43, 0.108363
171, 977.14, 0.108363
172, 982.86, 0.102493
173, 988.57, 0.102493
174, 994.29, 0.102493
175, 1000.00, 0.102493
176, 1005.71, 0.102493
177, 1011.43, 0.102493
178, 1017.14, 0.102493
179, 1022.86, 0.102493
180, 1028.57, 0.096435
181, 1034.29, 0.096435
182, 1040.00, 0.096435
183, 1045.71, 0.096435
184, 1051.43, 0.096435
185, 1057.14, 0.096435
186, 1062.86, 0.096435
187, 1068.57, 0.091362
188, 1074.29, 0.091362
189, 1080.00, 0.091362
190, 1085.71, 0.091362
191, 1091.43, 0.091362
192, 1097.14, 0.091362
193, 1102.86, 0.091362
194, 1108.57, 0.086487
195, 1114.29, 0.086487
196, 1120.00, 0.086487
197, 1125.71, 0.086487
198, 1131.43, 0.086487
199, 1137.14, 0.086487
200, 1142.86, 0.086487
201, 1148.57, 0.086487
202, 1154.29, 0.081392
203, 1160.00, 0.081392
204, 1165.71, 0.081392
205, 1171.43, 0.081392
206, 1177.14, 0.081392
207, 1182.86, 0.081392
208, 1188.57, 0.081392
209, 1194.29, 0.077075
210, 1200.00, 0.077075
211, 1205.71, 0.077075
212, 1211.43, 0.077075
213, 1217.14, 0.077075
214, 1222.86, 0.077075
215, 1228.57, 0.077075
216, 1234.29, 0.072764
217, 1240.00, 0.072764
218, 1245.71, 0.072764
219, 1251.43, 0.072764
220, 1257.14, 0.072764
221, 1262.86, 0.072764
222, 1268.57, 0.072764
223, 1274.29, 0.072764
224, 1280.00, 0.068223
225, 1285.71, 0.068223
226, 1291.43, 0.068223
227, 1297.14, 0.068223
228, 1302.86, 0.068223
229, 1308.57, 0.068223
230, 1314.29, 0.068223
231, 1320.00, 0.064280
232, 1325.71, 0.064280
233, 1331.43, 0.064280
234, 1337.14, 0.064280
235, 1342.86, 0.064280
236, 1348.57, 0.064280
237, 1354.29, 0.064280
238, 1360.00, 0.060252
239, 1365.71, 0.060252
240, 1371.43, 0.060252
241, 1377.14, 0.060252
242, 1382.86, 0.060252
243, 1388.57, 0.060252
244, 1394.29, 0.060252
245, 1400.00, 0.060252
246, 1405.71, 0.055904
247, 1411.43, 0.055904
248, 1417.14, 0.055904
249, 1422.86, 0.055904
250, 1428.57, 0.055904
251, 1434.29, 0.055904
252, 1440.00, 0.055904
253, 1445.71, 0.052098
254, 1451.43, 0.052098
255, 1457.14, 0.052098
谐振频率(Hz): 10051.43
Q值: 1.27
峰值宽度: 28.00
曲线不对称性: 3.000
衰减率: 0.0009
衰减斜率: -0.013854
衰减方差: 0.016659

负载网络诊断信息 (模式1):
最大电压: 0.754991
最大电压位置: 32.00 (时间: 182.86 ms)
末尾/起始电压比: 0.241560
峰值特征: 是

特征评分明细:
Q值: 1.27 (LC: +3, RLC: 0)
曲线不对称性: 3.00 (LC: +1, RLC: 0)
衰减方差: 0.016659 (LC: 0, RLC: 0)
谐振频率: 10051.43 (LC: +1, RLC: 0)
LC评分: 7
RLC评分: 0
判断置信度: 100.0%
模式1检测到: LC并联 (LoadNetType = 7)

Index, Time(ms), AIN1_AC_Volt
0, 0.00, 0.148055
1, 5.71, 0.148055
2, 11.43, 0.148055
3, 17.14, 0.148055
4, 22.86, 0.148055
5, 28.57, 0.148055
6, 34.29, 0.148055
7, 40.00, 0.225625
8, 45.71, 0.225625
9, 51.43, 0.225625
10, 57.14, 0.225625
11, 62.86, 0.225625
12, 68.57, 0.225625
13, 74.29, 0.225625
14, 80.00, 0.225625
15, 85.71, 0.356866
16, 91.43, 0.356866
17, 97.14, 0.356866
18, 102.86, 0.356866
19, 108.57, 0.356866
20, 114.29, 0.356866
21, 120.00, 0.356866
22, 125.71, 0.532077
23, 131.43, 0.532077
24, 137.14, 0.532077
25, 142.86, 0.532077
26, 148.57, 0.532077
27, 154.29, 0.532077
28, 160.00, 0.532077
29, 165.71, 0.715899
30, 171.43, 0.715899
31, 177.14, 0.715899
32, 182.86, 0.715899
33, 188.57, 0.715899
34, 194.29, 0.715899
35, 200.00, 0.715899
36, 205.71, 0.715899
37, 211.43, 0.738065
38, 217.14, 0.738065
39, 222.86, 0.738065
40, 228.57, 0.738065
41, 234.29, 0.738065
42, 240.00, 0.738065
43, 245.71, 0.738065
44, 251.43, 0.615512
45, 257.14, 0.615512
46, 262.86, 0.615512
47, 268.57, 0.615512
48, 274.29, 0.615512
49, 280.00, 0.615512
50, 285.71, 0.615512
51, 291.43, 0.495451
52, 297.14, 0.495451
53, 302.86, 0.495451
54, 308.57, 0.495451
55, 314.29, 0.495451
56, 320.00, 0.495451
57, 325.71, 0.495451
58, 331.43, 0.495451
59, 337.14, 0.400180
60, 342.86, 0.400180
61, 348.57, 0.400180
62, 354.29, 0.400180
63, 360.00, 0.400180
64, 365.71, 0.400180
65, 371.43, 0.400180
66, 377.14, 0.340610
67, 382.86, 0.340610
68, 388.57, 0.340610
69, 394.29, 0.340610
70, 400.00, 0.340610
71, 405.71, 0.340610
72, 411.43, 0.340610
73, 417.14, 0.296339
74, 422.86, 0.296339
75, 428.57, 0.296339
76, 434.29, 0.296339
77, 440.00, 0.296339
78, 445.71, 0.296339
79, 451.43, 0.296339
80, 457.14, 0.296339
81, 462.86, 0.259208
82, 468.57, 0.259208
83, 474.29, 0.259208
84, 480.00, 0.259208
85, 485.71, 0.259208
86, 491.43, 0.259208
87, 497.14, 0.259208
88, 502.86, 0.233295
89, 508.57, 0.233295
90, 514.29, 0.233295
91, 520.00, 0.233295
92, 525.71, 0.233295
93, 531.43, 0.233295
94, 537.14, 0.233295
95, 542.86, 0.211938
96, 548.57, 0.211938
97, 554.29, 0.211938
98, 560.00, 0.211938
99, 565.71, 0.211938
100, 571.43, 0.211938
101, 577.14, 0.211938
102, 582.86, 0.211938
103, 588.57, 0.192369
104, 594.29, 0.192369
105, 600.00, 0.192369
106, 605.71, 0.192369
107, 611.43, 0.192369
108, 617.14, 0.192369
109, 622.86, 0.192369
110, 628.57, 0.177632
111, 634.29, 0.177632
112, 640.00, 0.177632
113, 645.71, 0.177632
114, 651.43, 0.177632
115, 657.14, 0.177632
116, 662.86, 0.177632
117, 668.57, 0.164861
118, 674.29, 0.164861
119, 680.00, 0.164861
120, 685.71, 0.164861
121, 691.43, 0.164861
122, 697.14, 0.164861
123, 702.86, 0.164861
124, 708.57, 0.164861
125, 714.29, 0.152473
126, 720.00, 0.152473
127, 725.71, 0.152473
128, 731.43, 0.152473
129, 737.14, 0.152473
130, 742.86, 0.152473
131, 748.57, 0.152473
132, 754.29, 0.142790
133, 760.00, 0.142790
134, 765.71, 0.142790
135, 771.43, 0.142790
136, 777.14, 0.142790
137, 782.86, 0.142790
138, 788.57, 0.142790
139, 794.29, 0.134027
140, 800.00, 0.134027
141, 805.71, 0.134027
142, 811.43, 0.134027
143, 817.14, 0.134027
144, 822.86, 0.134027
145, 828.57, 0.134027
146, 834.29, 0.134027
147, 840.00, 0.125275
148, 845.71, 0.125275
149, 851.43, 0.125275
150, 857.14, 0.125275
151, 862.86, 0.125275
152, 868.57, 0.125275
153, 874.29, 0.125275
154, 880.00, 0.118202
155, 885.71, 0.118202
156, 891.43, 0.118202
157, 897.14, 0.118202
158, 902.86, 0.118202
159, 908.57, 0.118202
160, 914.29, 0.118202
161, 920.00, 0.111652
162, 925.71, 0.111652
163, 931.43, 0.111652
164, 937.14, 0.111652
165, 942.86, 0.111652
166, 948.57, 0.111652
167, 954.29, 0.111652
168, 960.00, 0.111652
169, 965.71, 0.104947
170, 971.43, 0.104947
171, 977.14, 0.104947
172, 982.86, 0.104947
173, 988.57, 0.104947
174, 994.29, 0.104947
175, 1000.00, 0.104947
176, 1005.71, 0.099341
177, 1011.43, 0.099341
178, 1017.14, 0.099341
179, 1022.86, 0.099341
180, 1028.57, 0.099341
181, 1034.29, 0.099341
182, 1040.00, 0.099341
183, 1045.71, 0.094083
184, 1051.43, 0.094083
185, 1057.14, 0.094083
186, 1062.86, 0.094083
187, 1068.57, 0.094083
188, 1074.29, 0.094083
189, 1080.00, 0.094083
190, 1085.71, 0.094083
191, 1091.43, 0.088538
192, 1097.14, 0.088538
193, 1102.86, 0.088538
194, 1108.57, 0.088538
195, 1114.29, 0.088538
196, 1120.00, 0.088538
197, 1125.71, 0.088538
198, 1131.43, 0.083879
199, 1137.14, 0.083879
200, 1142.86, 0.083879
201, 1148.57, 0.083879
202, 1154.29, 0.083879
203, 1160.00, 0.083879
204, 1165.71, 0.083879
205, 1171.43, 0.079416
206, 1177.14, 0.079416
207, 1182.86, 0.079416
208, 1188.57, 0.079416
209, 1194.29, 0.079416
210, 1200.00, 0.079416
211, 1205.71, 0.079416
212, 1211.43, 0.079416
213, 1217.14, 0.074715
214, 1222.86, 0.074715
215, 1228.57, 0.074715
216, 1234.29, 0.074715
217, 1240.00, 0.074715
218, 1245.71, 0.074715
219, 1251.43, 0.074715
220, 1257.14, 0.070522
221, 1262.86, 0.070522
222, 1268.57, 0.070522
223, 1274.29, 0.070522
224, 1280.00, 0.070522
225, 1285.71, 0.070522
226, 1291.43, 0.070522
227, 1297.14, 0.066472
228, 1302.86, 0.066472
229, 1308.57, 0.066472
230, 1314.29, 0.066472
231, 1320.00, 0.066472
232, 1325.71, 0.066472
233, 1331.43, 0.066472
234, 1337.14, 0.066472
235, 1342.86, 0.062113
236, 1348.57, 0.062113
237, 1354.29, 0.062113
238, 1360.00, 0.062113
239, 1365.71, 0.062113
240, 1371.43, 0.062113
241, 1377.14, 0.062113
242, 1382.86, 0.058251
243, 1388.57, 0.058251
244, 1394.29, 0.058251
245, 1400.00, 0.058251
246, 1405.71, 0.058251
247, 1411.43, 0.058251
248, 1417.14, 0.058251
249, 1422.86, 0.054320
250, 1428.57, 0.054320
251, 1434.29, 0.054320
252, 1440.00, 0.054320
253, 1445.71, 0.054320
254, 1451.43, 0.054320
255, 1457.14, 0.054320
谐振频率(Hz): 11465.71
Q值: 1.45
峰值宽度: 28.00
曲线不对称性: 0.867
衰减率: 0.0018
衰减斜率: -0.014412
衰减方差: 0.017603

负载网络诊断信息 (模式1):
最大电压: 0.738065
最大电压位置: 37.00 (时间: 211.43 ms)
末尾/起始电压比: 0.250918
峰值特征: 是

特征评分明细:
Q值: 1.45 (LC: 0, RLC: +3)
曲线不对称性: 0.87 (LC: 0, RLC: 0)
衰减方差: 0.017603 (LC: 0, RLC: 0)
谐振频率: 11465.71 (LC: +1, RLC: 0)
LC评分: 3
RLC评分: 3
判断置信度: 0.0%
模式1检测到: RLC并联 (基于Q值判断) (LoadNetType = 8)

——————————————————————
实际为RLC并联，被错误识别为了LC并联
Index, Time(ms), AIN1_AC_Volt
0, 0.00, 0.149304
1, 5.71, 0.149304
2, 11.43, 0.177581
3, 17.14, 0.177581
4, 22.86, 0.177581
5, 28.57, 0.177581
6, 34.29, 0.177581
7, 40.00, 0.177581
8, 45.71, 0.177581
9, 51.43, 0.266065
10, 57.14, 0.266065
11, 62.86, 0.266065
12, 68.57, 0.266065
13, 74.29, 0.266065
14, 80.00, 0.266065
15, 85.71, 0.266065
16, 91.43, 0.405648
17, 97.14, 0.405648
18, 102.86, 0.405648
19, 108.57, 0.405648
20, 114.29, 0.405648
21, 120.00, 0.405648
22, 125.71, 0.405648
23, 131.43, 0.405648
24, 137.14, 0.608494
25, 142.86, 0.608494
26, 148.57, 0.608494
27, 154.29, 0.608494
28, 160.00, 0.608494
29, 165.71, 0.608494
30, 171.43, 0.608494
31, 177.14, 0.717299
32, 182.86, 0.717299
33, 188.57, 0.717299
34, 194.29, 0.717299
35, 200.00, 0.717299
36, 205.71, 0.717299
37, 211.43, 0.717299
38, 217.14, 0.658105
39, 222.86, 0.658105
40, 228.57, 0.658105
41, 234.29, 0.658105
42, 240.00, 0.658105
43, 245.71, 0.658105
44, 251.43, 0.658105
45, 257.14, 0.658105
46, 262.86, 0.527059
47, 268.57, 0.527059
48, 274.29, 0.527059
49, 280.00, 0.527059
50, 285.71, 0.527059
51, 291.43, 0.527059
52, 297.14, 0.527059
53, 302.86, 0.432840
54, 308.57, 0.432840
55, 314.29, 0.432840
56, 320.00, 0.432840
57, 325.71, 0.432840
58, 331.43, 0.432840
59, 337.14, 0.432840
60, 342.86, 0.364446
61, 348.57, 0.364446
62, 354.29, 0.364446
63, 360.00, 0.364446
64, 365.71, 0.364446
65, 371.43, 0.364446
66, 377.14, 0.364446
67, 382.86, 0.364446
68, 388.57, 0.309727
69, 394.29, 0.309727
70, 400.00, 0.309727
71, 405.71, 0.309727
72, 411.43, 0.309727
73, 417.14, 0.309727
74, 422.86, 0.309727
75, 428.57, 0.272986
76, 434.29, 0.272986
77, 440.00, 0.272986
78, 445.71, 0.272986
79, 451.43, 0.272986
80, 457.14, 0.272986
81, 462.86, 0.272986
82, 468.57, 0.272986
83, 474.29, 0.244141
84, 480.00, 0.244141
85, 485.71, 0.244141
86, 491.43, 0.244141
87, 497.14, 0.244141
88, 502.86, 0.244141
89, 508.57, 0.244141
90, 514.29, 0.218649
91, 520.00, 0.218649
92, 525.71, 0.218649
93, 531.43, 0.218649
94, 537.14, 0.218649
95, 542.86, 0.218649
96, 548.57, 0.218649
97, 554.29, 0.218649
98, 560.00, 0.199836
99, 565.71, 0.199836
100, 571.43, 0.199836
101, 577.14, 0.199836
102, 582.86, 0.199836
103, 588.57, 0.199836
104, 594.29, 0.199836
105, 600.00, 0.183906
106, 605.71, 0.183906
107, 611.43, 0.183906
108, 617.14, 0.183906
109, 622.86, 0.183906
110, 628.57, 0.183906
111, 634.29, 0.183906
112, 640.00, 0.183906
113, 645.71, 0.168831
114, 651.43, 0.168831
115, 657.14, 0.168831
116, 662.86, 0.168831
117, 668.57, 0.168831
118, 674.29, 0.168831
119, 680.00, 0.168831
120, 685.71, 0.157218
121, 691.43, 0.157218
122, 697.14, 0.157218
123, 702.86, 0.157218
124, 708.57, 0.157218
125, 714.29, 0.157218
126, 720.00, 0.157218
127, 725.71, 0.146903
128, 731.43, 0.146903
129, 737.14, 0.146903
130, 742.86, 0.146903
131, 748.57, 0.146903
132, 754.29, 0.146903
133, 760.00, 0.146903
134, 765.71, 0.146903
135, 771.43, 0.136755
136, 777.14, 0.136755
137, 782.86, 0.136755
138, 788.57, 0.136755
139, 794.29, 0.136755
140, 800.00, 0.136755
141, 805.71, 0.136755
142, 811.43, 0.128624
143, 817.14, 0.128624
144, 822.86, 0.128624
145, 828.57, 0.128624
146, 834.29, 0.128624
147, 840.00, 0.128624
148, 845.71, 0.128624
149, 851.43, 0.121268
150, 857.14, 0.121268
151, 862.86, 0.121268
152, 868.57, 0.121268
153, 874.29, 0.121268
154, 880.00, 0.121268
155, 885.71, 0.121268
156, 891.43, 0.121268
157, 897.14, 0.113708
158, 902.86, 0.113708
159, 908.57, 0.113708
160, 914.29, 0.113708
161, 920.00, 0.113708
162, 925.71, 0.113708
163, 931.43, 0.113708
164, 937.14, 0.107599
165, 942.86, 0.107599
166, 948.57, 0.107599
167, 954.29, 0.107599
168, 960.00, 0.107599
169, 965.71, 0.107599
170, 971.43, 0.107599
171, 977.14, 0.101753
172, 982.86, 0.101753
173, 988.57, 0.101753
174, 994.29, 0.101753
175, 1000.00, 0.101753
176, 1005.71, 0.101753
177, 1011.43, 0.101753
178, 1017.14, 0.101753
179, 1022.86, 0.095811
180, 1028.57, 0.095811
181, 1034.29, 0.095811
182, 1040.00, 0.095811
183, 1045.71, 0.095811
184, 1051.43, 0.095811
185, 1057.14, 0.095811
186, 1062.86, 0.090761
187, 1068.57, 0.090761
188, 1074.29, 0.090761
189, 1080.00, 0.090761
190, 1085.71, 0.090761
191, 1091.43, 0.090761
192, 1097.14, 0.090761
193, 1102.86, 0.085980
194, 1108.57, 0.085980
195, 1114.29, 0.085980
196, 1120.00, 0.085980
197, 1125.71, 0.085980
198, 1131.43, 0.085980
199, 1137.14, 0.085980
200, 1142.86, 0.085980
201, 1148.57, 0.080931
202, 1154.29, 0.080931
203, 1160.00, 0.080931
204, 1165.71, 0.080931
205, 1171.43, 0.080931
206, 1177.14, 0.080931
207, 1182.86, 0.080931
208, 1188.57, 0.076665
209, 1194.29, 0.076665
210, 1200.00, 0.076665
211, 1205.71, 0.076665
212, 1211.43, 0.076665
213, 1217.14, 0.076665
214, 1222.86, 0.076665
215, 1228.57, 0.072437
216, 1234.29, 0.072437
217, 1240.00, 0.072437
218, 1245.71, 0.072437
219, 1251.43, 0.072437
220, 1257.14, 0.072437
221, 1262.86, 0.072437
222, 1268.57, 0.072437
223, 1274.29, 0.067870
224, 1280.00, 0.067870
225, 1285.71, 0.067870
226, 1291.43, 0.067870
227, 1297.14, 0.067870
228, 1302.86, 0.067870
229, 1308.57, 0.067870
230, 1314.29, 0.063975
231, 1320.00, 0.063975
232, 1325.71, 0.063975
233, 1331.43, 0.063975
234, 1337.14, 0.063975
235, 1342.86, 0.063975
236, 1348.57, 0.063975
237, 1354.29, 0.060150
238, 1360.00, 0.060150
239, 1365.71, 0.060150
240, 1371.43, 0.060150
241, 1377.14, 0.060150
242, 1382.86, 0.060150
243, 1388.57, 0.060150
244, 1394.29, 0.060150
245, 1400.00, 0.055773
246, 1405.71, 0.055773
247, 1411.43, 0.055773
248, 1417.14, 0.055773
249, 1422.86, 0.055773
250, 1428.57, 0.055773
251, 1434.29, 0.055773
252, 1440.00, 0.051891
253, 1445.71, 0.051891
254, 1451.43, 0.051891
255, 1457.14, 0.051891
谐振频率(Hz): 9768.57
Q值: 1.23
峰值宽度: 28.00
曲线不对称性: 3.000
衰减率: 0.0008
衰减斜率: -0.012907
衰减方差: 0.014289

负载网络诊断信息 (模式1):
最大电压: 0.717299
最大电压位置: 31.00 (时间: 177.14 ms)
末尾/起始电压比: 0.227414
峰值特征: 是

特征评分明细:
Q值: 1.23 (LC: +3, RLC: 0)
曲线不对称性: 3.00 (LC: +1, RLC: 0)
衰减方差: 0.014289 (LC: +2, RLC: 0)
谐振频率: 9768.57 (LC: +1, RLC: 0)
LC评分: 9
RLC评分: 0
判断置信度: 100.0%
模式1检测到: LC并联 (LoadNetType = 7)

Index, Time(ms), AIN1_AC_Volt
0, 0.00, 0.151404
1, 5.71, 0.151404
2, 11.43, 0.151404
3, 17.14, 0.151404
4, 22.86, 0.151404
5, 28.57, 0.151404
6, 34.29, 0.218275
7, 40.00, 0.218275
8, 45.71, 0.218275
9, 51.43, 0.218275
10, 57.14, 0.218275
11, 62.86, 0.218275
12, 68.57, 0.218275
13, 74.29, 0.218275
14, 80.00, 0.346894
15, 85.71, 0.346894
16, 91.43, 0.346894
17, 97.14, 0.346894
18, 102.86, 0.346894
19, 108.57, 0.346894
20, 114.29, 0.346894
21, 120.00, 0.515694
22, 125.71, 0.515694
23, 131.43, 0.515694
24, 137.14, 0.515694
25, 142.86, 0.515694
26, 148.57, 0.515694
27, 154.29, 0.515694
28, 160.00, 0.683438
29, 165.71, 0.683438
30, 171.43, 0.683438
31, 177.14, 0.683438
32, 182.86, 0.683438
33, 188.57, 0.683438
34, 194.29, 0.683438
35, 200.00, 0.683438
36, 205.71, 0.696305
37, 211.43, 0.696305
38, 217.14, 0.696305
39, 222.86, 0.696305
40, 228.57, 0.696305
41, 234.29, 0.696305
42, 240.00, 0.696305
43, 245.71, 0.586135
44, 251.43, 0.586135
45, 257.14, 0.586135
46, 262.86, 0.586135
47, 268.57, 0.586135
48, 274.29, 0.586135
49, 280.00, 0.586135
50, 285.71, 0.477403
51, 291.43, 0.477403
52, 297.14, 0.477403
53, 302.86, 0.477403
54, 308.57, 0.477403
55, 314.29, 0.477403
56, 320.00, 0.477403
57, 325.71, 0.477403
58, 331.43, 0.389082
59, 337.14, 0.389082
60, 342.86, 0.389082
61, 348.57, 0.389082
62, 354.29, 0.389082
63, 360.00, 0.389082
64, 365.71, 0.389082
65, 371.43, 0.333188
66, 377.14, 0.333188
67, 382.86, 0.333188
68, 388.57, 0.333188
69, 394.29, 0.333188
70, 400.00, 0.333188
71, 405.71, 0.333188
72, 411.43, 0.290990
73, 417.14, 0.290990
74, 422.86, 0.290990
75, 428.57, 0.290990
76, 434.29, 0.290990
77, 440.00, 0.290990
78, 445.71, 0.290990
79, 451.43, 0.290990
80, 457.14, 0.255176
81, 462.86, 0.255176
82, 468.57, 0.255176
83, 474.29, 0.255176
84, 480.00, 0.255176
85, 485.71, 0.255176
86, 491.43, 0.255176
87, 497.14, 0.230116
88, 502.86, 0.230116
89, 508.57, 0.230116
90, 514.29, 0.230116
91, 520.00, 0.230116
92, 525.71, 0.230116
93, 531.43, 0.230116
94, 537.14, 0.209360
95, 542.86, 0.209360
96, 548.57, 0.209360
97, 554.29, 0.209360
98, 560.00, 0.209360
99, 565.71, 0.209360
100, 571.43, 0.209360
101, 577.14, 0.209360
102, 582.86, 0.190310
103, 588.57, 0.190310
104, 594.29, 0.190310
105, 600.00, 0.190310
106, 605.71, 0.190310
107, 611.43, 0.190310
108, 617.14, 0.190310
109, 622.86, 0.175846
110, 628.57, 0.175846
111, 634.29, 0.175846
112, 640.00, 0.175846
113, 645.71, 0.175846
114, 651.43, 0.175846
115, 657.14, 0.175846
116, 662.86, 0.163284
117, 668.57, 0.163284
118, 674.29, 0.163284
119, 680.00, 0.163284
120, 685.71, 0.163284
121, 691.43, 0.163284
122, 697.14, 0.163284
123, 702.86, 0.163284
124, 708.57, 0.151154
125, 714.29, 0.151154
126, 720.00, 0.151154
127, 725.71, 0.151154
128, 731.43, 0.151154
129, 737.14, 0.151154
130, 742.86, 0.151154
131, 748.57, 0.141632
132, 754.29, 0.141632
133, 760.00, 0.141632
134, 765.71, 0.141632
135, 771.43, 0.141632
136, 777.14, 0.141632
137, 782.86, 0.141632
138, 788.57, 0.133096
139, 794.29, 0.133096
140, 800.00, 0.133096
141, 805.71, 0.133096
142, 811.43, 0.133096
143, 817.14, 0.133096
144, 822.86, 0.133096
145, 828.57, 0.133096
146, 834.29, 0.124442
147, 840.00, 0.124442
148, 845.71, 0.124442
149, 851.43, 0.124442
150, 857.14, 0.124442
151, 862.86, 0.124442
152, 868.57, 0.124442
153, 874.29, 0.117387
154, 880.00, 0.117387
155, 885.71, 0.117387
156, 891.43, 0.117387
157, 897.14, 0.117387
158, 902.86, 0.117387
159, 908.57, 0.117387
160, 914.29, 0.110868
161, 920.00, 0.110868
162, 925.71, 0.110868
163, 931.43, 0.110868
164, 937.14, 0.110868
165, 942.86, 0.110868
166, 948.57, 0.110868
167, 954.29, 0.110868
168, 960.00, 0.104337
169, 965.71, 0.104337
170, 971.43, 0.104337
171, 977.14, 0.104337
172, 982.86, 0.104337
173, 988.57, 0.104337
174, 994.29, 0.104337
175, 1000.00, 0.098782
176, 1005.71, 0.098782
177, 1011.43, 0.098782
178, 1017.14, 0.098782
179, 1022.86, 0.098782
180, 1028.57, 0.098782
181, 1034.29, 0.098782
182, 1040.00, 0.093532
183, 1045.71, 0.093532
184, 1051.43, 0.093532
185, 1057.14, 0.093532
186, 1062.86, 0.093532
187, 1068.57, 0.093532
188, 1074.29, 0.093532
189, 1080.00, 0.093532
190, 1085.71, 0.088111
191, 1091.43, 0.088111
192, 1097.14, 0.088111
193, 1102.86, 0.088111
194, 1108.57, 0.088111
195, 1114.29, 0.088111
196, 1120.00, 0.088111
197, 1125.71, 0.083565
198, 1131.43, 0.083565
199, 1137.14, 0.083565
200, 1142.86, 0.083565
201, 1148.57, 0.083565
202, 1154.29, 0.083565
203, 1160.00, 0.083565
204, 1165.71, 0.079063
205, 1171.43, 0.079063
206, 1177.14, 0.079063
207, 1182.86, 0.079063
208, 1188.57, 0.079063
209, 1194.29, 0.079063
210, 1200.00, 0.079063
211, 1205.71, 0.079063
212, 1211.43, 0.074272
213, 1217.14, 0.074272
214, 1222.86, 0.074272
215, 1228.57, 0.074272
216, 1234.29, 0.074272
217, 1240.00, 0.074272
218, 1245.71, 0.074272
219, 1251.43, 0.070242
220, 1257.14, 0.070242
221, 1262.86, 0.070242
222, 1268.57, 0.070242
223, 1274.29, 0.070242
224, 1280.00, 0.070242
225, 1285.71, 0.070242
226, 1291.43, 0.066267
227, 1297.14, 0.066267
228, 1302.86, 0.066267
229, 1308.57, 0.066267
230, 1314.29, 0.066267
231, 1320.00, 0.066267
232, 1325.71, 0.066267
233, 1331.43, 0.066267
234, 1337.14, 0.062001
235, 1342.86, 0.062001
236, 1348.57, 0.062001
237, 1354.29, 0.062001
238, 1360.00, 0.062001
239, 1365.71, 0.062001
240, 1371.43, 0.062001
241, 1377.14, 0.058095
242, 1382.86, 0.058095
243, 1388.57, 0.058095
244, 1394.29, 0.058095
245, 1400.00, 0.058095
246, 1405.71, 0.058095
247, 1411.43, 0.058095
248, 1417.14, 0.054196
249, 1422.86, 0.054196
250, 1428.57, 0.054196
251, 1434.29, 0.054196
252, 1440.00, 0.054196
253, 1445.71, 0.054196
254, 1451.43, 0.054196
255, 1457.14, 0.054196
谐振频率(Hz): 11182.86
Q值: 1.41
峰值宽度: 28.00
曲线不对称性: 0.867
衰减率: 0.0017
衰减斜率: -0.013128
衰减方差: 0.014592

负载网络诊断信息 (模式1):
最大电压: 0.696305
最大电压位置: 36.00 (时间: 205.71 ms)
末尾/起始电压比: 0.242872
峰值特征: 是

特征评分明细:
Q值: 1.41 (LC: 0, RLC: +3)
曲线不对称性: 0.87 (LC: 0, RLC: 0)
衰减方差: 0.014592 (LC: +2, RLC: 0)
谐振频率: 11182.86 (LC: +1, RLC: 0)
LC评分: 5
RLC评分: 3
判断置信度: 25.0%
模式1检测到: LC并联 (LoadNetType = 7)

——————————————————————
实际为LC并联，被错误识别为了RLC并联
Index, Time(ms), AIN1_AC_Volt
0, 0.00, 0.094255
1, 5.71, 0.094255
2, 11.43, 0.094255
3, 17.14, 0.109951
4, 22.86, 0.109951
5, 28.57, 0.109951
6, 34.29, 0.109951
7, 40.00, 0.109951
8, 45.71, 0.109951
9, 51.43, 0.109951
10, 57.14, 0.109951
11, 62.86, 0.145529
12, 68.57, 0.145529
13, 74.29, 0.145529
14, 80.00, 0.145529
15, 85.71, 0.145529
16, 91.43, 0.145529
17, 97.14, 0.145529
18, 102.86, 0.191933
19, 108.57, 0.191933
20, 114.29, 0.191933
21, 120.00, 0.191933
22, 125.71, 0.191933
23, 131.43, 0.191933
24, 137.14, 0.191933
25, 142.86, 0.252355
26, 148.57, 0.252355
27, 154.29, 0.252355
28, 160.00, 0.252355
29, 165.71, 0.252355
30, 171.43, 0.252355
31, 177.14, 0.252355
32, 182.86, 0.313327
33, 188.57, 0.313327
34, 194.29, 0.313327
35, 200.00, 0.313327
36, 205.71, 0.313327
37, 211.43, 0.313327
38, 217.14, 0.313327
39, 222.86, 0.384469
40, 228.57, 0.384469
41, 234.29, 0.384469
42, 240.00, 0.384469
43, 245.71, 0.384469
44, 251.43, 0.384469
45, 257.14, 0.384469
46, 262.86, 0.384469
47, 268.57, 0.478404
48, 274.29, 0.478404
49, 280.00, 0.478404
50, 285.71, 0.478404
51, 291.43, 0.478404
52, 297.14, 0.478404
53, 302.86, 0.478404
54, 308.57, 0.579945
55, 314.29, 0.579945
56, 320.00, 0.579945
57, 325.71, 0.579945
58, 331.43, 0.579945
59, 337.14, 0.579945
60, 342.86, 0.579945
61, 348.57, 0.579945
62, 354.29, 0.698266
63, 360.00, 0.698266
64, 365.71, 0.698266
65, 371.43, 0.698266
66, 377.14, 0.698266
67, 382.86, 0.698266
68, 388.57, 0.698266
69, 394.29, 0.843306
70, 400.00, 0.843306
71, 405.71, 0.843306
72, 411.43, 0.843306
73, 417.14, 0.843306
74, 422.86, 0.843306
75, 428.57, 0.843306
76, 434.29, 0.957446
77, 440.00, 0.957446
78, 445.71, 0.957446
79, 451.43, 0.957446
80, 457.14, 0.957446
81, 462.86, 0.957446
82, 468.57, 0.957446
83, 474.29, 0.957446
84, 480.00, 1.016154
85, 485.71, 1.016154
86, 491.43, 1.016154
87, 497.14, 1.016154
88, 502.86, 1.016154
89, 508.57, 1.016154
90, 514.29, 1.016154
91, 520.00, 1.001514
92, 525.71, 1.001514
93, 531.43, 1.001514
94, 537.14, 1.001514
95, 542.86, 1.001514
96, 548.57, 1.001514
97, 554.29, 1.001514
98, 560.00, 1.001514
99, 565.71, 0.939232
100, 571.43, 0.939232
101, 577.14, 0.939232
102, 582.86, 0.939232
103, 588.57, 0.939232
104, 594.29, 0.939232
105, 600.00, 0.939232
106, 605.71, 0.860020
107, 611.43, 0.860020
108, 617.14, 0.860020
109, 622.86, 0.860020
110, 628.57, 0.860020
111, 634.29, 0.860020
112, 640.00, 0.860020
113, 645.71, 0.860020
114, 651.43, 0.771749
115, 657.14, 0.771749
116, 662.86, 0.771749
117, 668.57, 0.771749
118, 674.29, 0.771749
119, 680.00, 0.771749
120, 685.71, 0.771749
121, 691.43, 0.698767
122, 697.14, 0.698767
123, 702.86, 0.698767
124, 708.57, 0.698767
125, 714.29, 0.698767
126, 720.00, 0.698767
127, 725.71, 0.698767
128, 731.43, 0.634751
129, 737.14, 0.634751
130, 742.86, 0.634751
131, 748.57, 0.634751
132, 754.29, 0.634751
133, 760.00, 0.634751
134, 765.71, 0.634751
135, 771.43, 0.634751
136, 777.14, 0.574372
137, 782.86, 0.574372
138, 788.57, 0.574372
139, 794.29, 0.574372
140, 800.00, 0.574372
141, 805.71, 0.574372
142, 811.43, 0.574372
143, 817.14, 0.528429
144, 822.86, 0.528429
145, 828.57, 0.528429
146, 834.29, 0.528429
147, 840.00, 0.528429
148, 845.71, 0.528429
149, 851.43, 0.528429
150, 857.14, 0.488688
151, 862.86, 0.488688
152, 868.57, 0.488688
153, 874.29, 0.488688
154, 880.00, 0.488688
155, 885.71, 0.488688
156, 891.43, 0.488688
157, 897.14, 0.488688
158, 902.86, 0.451210
159, 908.57, 0.451210
160, 914.29, 0.451210
161, 920.00, 0.451210
162, 925.71, 0.451210
163, 931.43, 0.451210
164, 937.14, 0.451210
165, 942.86, 0.422289
166, 948.57, 0.422289
167, 954.29, 0.422289
168, 960.00, 0.422289
169, 965.71, 0.422289
170, 971.43, 0.422289
171, 977.14, 0.422289
172, 982.86, 0.396722
173, 988.57, 0.396722
174, 994.29, 0.396722
175, 1000.00, 0.396722
176, 1005.71, 0.396722
177, 1011.43, 0.396722
178, 1017.14, 0.396722
179, 1022.86, 0.396722
180, 1028.57, 0.372006
181, 1034.29, 0.372006
182, 1040.00, 0.372006
183, 1045.71, 0.372006
184, 1051.43, 0.372006
185, 1057.14, 0.372006
186, 1062.86, 0.372006
187, 1068.57, 0.352460
188, 1074.29, 0.352460
189, 1080.00, 0.352460
190, 1085.71, 0.352460
191, 1091.43, 0.352460
192, 1097.14, 0.352460
193, 1102.86, 0.352460
194, 1108.57, 0.352460
195, 1114.29, 0.334763
196, 1120.00, 0.334763
197, 1125.71, 0.334763
198, 1131.43, 0.334763
199, 1137.14, 0.334763
200, 1142.86, 0.334763
201, 1148.57, 0.334763
202, 1154.29, 0.334763
203, 1160.00, 0.317256
204, 1165.71, 0.317256
205, 1171.43, 0.317256
206, 1177.14, 0.317256
207, 1182.86, 0.317256
208, 1188.57, 0.317256
209, 1194.29, 0.317256
210, 1200.00, 0.303073
211, 1205.71, 0.303073
212, 1211.43, 0.303073
213, 1217.14, 0.303073
214, 1222.86, 0.303073
215, 1228.57, 0.303073
216, 1234.29, 0.303073
217, 1240.00, 0.290192
218, 1245.71, 0.290192
219, 1251.43, 0.290192
220, 1257.14, 0.290192
221, 1262.86, 0.290192
222, 1268.57, 0.290192
223, 1274.29, 0.290192
224, 1280.00, 0.290192
225, 1285.71, 0.277162
226, 1291.43, 0.277162
227, 1297.14, 0.277162
228, 1302.86, 0.277162
229, 1308.57, 0.277162
230, 1314.29, 0.277162
231, 1320.00, 0.277162
232, 1325.71, 0.266467
233, 1331.43, 0.266467
234, 1337.14, 0.266467
235, 1342.86, 0.266467
236, 1348.57, 0.266467
237, 1354.29, 0.266467
238, 1360.00, 0.266467
239, 1365.71, 0.256543
240, 1371.43, 0.256543
241, 1377.14, 0.256543
242, 1382.86, 0.256543
243, 1388.57, 0.256543
244, 1394.29, 0.256543
245, 1400.00, 0.256543
246, 1405.71, 0.256543
247, 1411.43, 0.246377
248, 1417.14, 0.246377
249, 1422.86, 0.246377
250, 1428.57, 0.246377
251, 1434.29, 0.246377
252, 1440.00, 0.246377
253, 1445.71, 0.246377
254, 1451.43, 0.237980
255, 1457.14, 0.237980
谐振频率(Hz): 24760.00
Q值: 1.72
峰值宽度: 51.00
曲线不对称性: 2.400
衰减率: 0.0008
衰减斜率: -0.007206
衰减方差: 0.004804

负载网络诊断信息 (模式1):
最大电压: 1.016154
最大电压位置: 84.00 (时间: 480.00 ms)
末尾/起始电压比: 1.969769
峰值特征: 是

特征评分明细:
Q值: 1.72 (LC: 0, RLC: +3)
曲线不对称性: 2.40 (LC: +1, RLC: 0)
衰减方差: 0.004804 (LC: 0, RLC: +2)
谐振频率: 24760.00 (LC: 0, RLC: +2)
LC评分: 3
RLC评分: 7
判断置信度: 40.0%
模式1检测到: RLC并联 (LoadNetType = 8)

——————————————————————